Day	Month	Year	Tmin(C)	Tmax(C)	Prcp(mm)	Et0(mm)
1	1	2018	-3.21	4.8	0.0	2.1647
2	1	2018	-6.26	4.26	0.0	2.5848
3	1	2018	-3.95	6.6	0.0	2.9578
4	1	2018	-4.63	7.04	0.0	3.2062
5	1	2018	-5.79	7.31	0.0	2.0721
6	1	2018	-6.39	9.35	0.0	1.8298
7	1	2018	-5.18	11.56	0.0	2.229
8	1	2018	1.62	14.11	0.0	1.5519
9	1	2018	13.23	20.76	0.0	2.057
10	1	2018	13.06	22.03	0.0	1.7813
11	1	2018	17.13	24.4	1.016	1.7002
12	1	2018	5.62	19.85	18.29	0.4871
13	1	2018	-1.64	7.76	0.0	2.5629
14	1	2018	-4.02	9.15	0.0	2.0897
15	1	2018	-3.14	12.75	0.0	1.9267
16	1	2018	-2.49	15.36	0.0	1.8835
17	1	2018	-4.7	7.42	1.524	2.5699
18	1	2018	-7.28	8.78	0.0	2.6347
19	1	2018	-5.99	14.76	0.0	2.0472
20	1	2018	-2.83	16.93	0.0	1.9648
21	1	2018	2.09	21.38	0.0	2.2891
22	1	2018	5.76	22.1	0.0	1.3959
23	1	2018	7.73	19.62	0.0	3.8583
24	1	2018	1.96	13.77	0.0	2.9231
25	1	2018	0.33	17.07	0.0	3.2674
26	1	2018	-1.81	19.68	0.0	2.7145
27	1	2018	11.63	20.97	0.0	2.2839
28	1	2018	13.91	18.6	67.82	0.5304
29	1	2018	5.97	18.39	0.254	2.5524
30	1	2018	-0.01	11.97	0.0	3.3435
31	1	2018	-2.53	15.91	0.0	2.5533
1	2	2018	1.75	18.84	0.254	1.8699
2	2	2018	3.35	14.55	0.762	3.3704
3	2	2018	-0.69	15.71	0.0	3.53
4	2	2018	9.86	21.99	23.88	2.5662
5	2	2018	4.61	19.41	0.0	2.3769
6	2	2018	4.44	24.57	0.0	2.6425
7	2	2018	15.41	24.37	22.61	2.4063
8	2	2018	7.76	19.61	0.0	4.2241
9	2	2018	6.91	15.4	0.254	1.0064
10	2	2018	11.94	22.57	0.0	1.474
11	2	2018	16.28	20.23	86.1	0.362
12	2	2018	14.93	20.16	13.21	0.9285
13	2	2018	12.01	20.6	0.254	1.4532
14	2	2018	11.43	19.65	0.0	1.6234
15	2	2018	14.32	23.08	0.0	1.9771
16	2	2018	15.81	27.19	0.0	4.2862
17	2	2018	14.22	26.28	0.0	2.8539
18	2	2018	15.27	27.64	0.0	3.0495
19	2	2018	16.02	27.6	0.0	3.5973
20	2	2018	17.58	26.04	3.556	2.4169
21	2	2018	18.06	28.35	0.254	3.2162
22	2	2018	17.11	27.64	0.0	3.1452
23	2	2018	15.61	28.63	0.0	3.713
24	2	2018	13.16	29.21	0.0	3.975
25	2	2018	15.2	26.65	5.334	2.5679
26	2	2018	12.69	20.81	12.19	1.5718
27	2	2018	10.58	19.24	0.254	2.2353
28	2	2018	12.48	25.77	0.0	3.444
1	3	2018	16.56	29.55	1.016	5.6333
2	3	2018	10.18	21.38	0.0	5.6185
3	3	2018	3.56	21.08	0.0	4.5001
4	3	2018	5.12	20.13	0.0	4.8674
5	3	2018	4.88	21.72	0.0	3.574
6	3	2018	11.36	19.78	11.43	1.3381
7	3	2018	5.87	15.36	0.0	4.5533
8	3	2018	1.01	13.9	0.0	4.4031
9	3	2018	-1.1	17.78	0.0	3.2892
10	3	2018	1.01	20.94	0.0	3.2168
11	3	2018	6.04	22.74	30.73	2.2062
12	3	2018	6.77	14.11	0.0	3.5095
13	3	2018	2.67	16.28	0.0	4.5176
14	3	2018	3.35	15.5	0.0	5.2445
15	3	2018	-0.79	19.48	0.0	4.6394
16	3	2018	3.15	22.3	0.0	3.5436
17	3	2018	10.65	26.61	0.0	4.2374
18	3	2018	17.37	28.08	12.7	4.238
19	3	2018	17.03	23.25	10.67	1.5901
20	3	2018	13.4	26.25	0.0	6.3025
21	3	2018	7.97	17.2	0.0	6.8744
22	3	2018	3.89	17.54	0.0	5.6314
23	3	2018	2.23	19.82	0.0	3.504
24	3	2018	6.85	26.48	0.0	7.1732
25	3	2018	11.22	26.58	6.604	3.7125
26	3	2018	9.05	11.29	1.524	1.0894
27	3	2018	10.34	23.08	0.0	3.5391
28	3	2018	14.05	26.89	0.0	5.8287
29	3	2018	12.21	27.06	0.0	4.3815
30	3	2018	14.15	21.08	29.21	2.1259
31	3	2018	9.9	22.44	0.0	5.7606
1	4	2018	8.27	26.07	0.0	4.3519
2	4	2018	12.55	26.18	0.0	3.8142
3	4	2018	12.89	29.38	0.0	5.1175
4	4	2018	10.68	20.77	2.032	1.9064
5	4	2018	3.59	22.47	0.254	5.2518
6	4	2018	8.95	27.37	0.0	5.5139
7	4	2018	14.11	21.15	15.24	1.3668
8	4	2018	8.61	17.2	0.0	3.6623
9	4	2018	13.3	19.89	0.0	2.4955
10	4	2018	11.19	21.01	0.0	3.8638
11	4	2018	7.39	23.9	0.0	5.1796
12	4	2018	6.44	26.18	0.0	4.8888
13	4	2018	11.22	28.05	0.0	5.1545
14	4	2018	15.47	29.76	0.0	6.0433
15	4	2018	10.17	22.1	29.72	2.5038
16	4	2018	4.88	19.41	0.0	6.7078
17	4	2018	5.43	24.14	0.0	5.8222
18	4	2018	9.84	30.77	0.0	9.1176
19	4	2018	15.13	28.16	0.0	7.3167
20	4	2018	8.14	22.03	0.0	6.2722
21	4	2018	11.39	23.76	0.0	4.4712
22	4	2018	16.76	23.53	65.02	2.3878
23	4	2018	16.56	27.77	16.0	5.3325
24	4	2018	13.71	22.64	0.0	4.7238
25	4	2018	13.03	25.12	0.0	5.9403
26	4	2018	11.67	25.84	0.254	4.3405
27	4	2018	13.16	22.91	0.0	5.0905
28	4	2018	10.65	26.52	0.0	5.9669
29	4	2018	11.16	26.93	0.0	6.5858
30	4	2018	10.04	27.68	0.0	6.137
1	5	2018	12.18	29.31	0.0	6.0707
2	5	2018	13.6	30.06	0.0	6.3916
3	5	2018	13.23	29.55	0.0	5.911
4	5	2018	14.96	30.44	0.0	5.9479
5	5	2018	16.83	31.66	0.0	6.0573
6	5	2018	17.75	30.57	0.0	7.798
7	5	2018	14.08	30.5	0.0	6.3948
8	5	2018	12.86	32.31	0.0	6.0406
9	5	2018	16.8	32.85	0.0	7.1
10	5	2018	18.53	32.82	0.0	7.5834
11	5	2018	17.51	33.94	0.0	6.6887
12	5	2018	19.83	34.79	0.0	6.5618
13	5	2018	18.64	34.75	0.0	6.5782
14	5	2018	19.49	29.65	0.254	4.0839
15	5	2018	20.71	28.26	0.254	3.691
16	5	2018	20.64	29.52	8.64	3.8209
17	5	2018	21.12	29.82	0.0	4.6091
18	5	2018	20.67	30.95	0.0	5.9486
19	5	2018	21.49	33.46	0.0	6.0825
20	5	2018	20.78	29.99	5.588	3.7763
21	5	2018	19.83	28.16	22.1	3.124
22	5	2018	21.42	28.29	6.35	3.7596
23	5	2018	20.95	30.98	1.016	4.8633
24	5	2018	20.3	31.18	64.52	4.4026
25	5	2018	20.61	31.97	0.254	5.6301
26	5	2018	21.42	31.32	1.524	4.7916
27	5	2018	21.25	27.07	7.874	3.3814
28	5	2018	22.27	27.24	5.588	2.8223
29	5	2018	22.82	28.57	7.112	4.3243
30	5	2018	22.41	30.84	0.0	4.9414
31	5	2018	22.61	32.0	0.0	5.8759
1	6	2018	22.88	32.78	0.0	6.0974
2	6	2018	20.37	30.3	15.75	3.3951
3	6	2018	22.88	33.97	0.254	6.8422
4	6	2018	20.1	31.12	0.0	7.4814
5	6	2018	16.9	30.2	0.0	5.3095
6	6	2018	19.62	31.76	0.0	5.5177
7	6	2018	19.42	34.08	0.0	6.0289
8	6	2018	20.85	33.6	0.0	6.1012
9	6	2018	19.52	32.37	22.61	4.5048
10	6	2018	20.03	31.18	0.254	4.3982
11	6	2018	20.23	29.01	0.0	3.8497
12	6	2018	21.32	32.2	2.286	5.2315
13	6	2018	21.12	31.9	0.0	5.7929
14	6	2018	22.0	30.67	0.0	4.4516
15	6	2018	22.75	30.06	0.508	4.6656
16	6	2018	21.8	31.18	33.27	3.6813
17	6	2018	22.21	32.1	0.254	4.769
18	6	2018	21.59	33.29	0.254	6.0357
19	6	2018	23.12	34.76	0.0	6.3844
20	6	2018	23.77	35.3	0.0	6.9301
21	6	2018	24.18	33.46	0.0	6.7361
22	6	2018	24.18	32.88	0.0	6.7782
23	6	2018	23.57	34.14	0.0	6.8395
24	6	2018	23.57	34.63	0.0	6.6507
25	6	2018	23.06	35.34	34.29	5.9083
26	6	2018	21.19	34.9	0.0	6.5791
27	6	2018	19.76	34.59	34.29	6.1214
28	6	2018	20.91	34.62	20.32	5.3726
29	6	2018	21.73	34.25	0.254	6.0511
30	6	2018	22.34	32.89	64.26	5.4254
1	7	2018	22.58	30.81	42.16	3.0588
2	7	2018	22.55	30.47	9.91	3.0061
3	7	2018	22.82	34.32	4.572	6.1341
4	7	2018	22.31	30.95	34.29	4.4412
5	7	2018	21.73	31.42	0.254	5.289
6	7	2018	21.73	33.36	1.016	5.791
7	7	2018	21.73	31.66	1.27	5.3547
8	7	2018	22.04	31.15	0.254	4.9568
9	7	2018	22.0	32.07	0.762	4.5612
10	7	2018	21.87	34.19	0.0	6.2848
11	7	2018	21.49	34.93	0.0	5.9341
12	7	2018	22.0	35.17	0.0	6.5177
13	7	2018	23.43	34.94	0.0	5.9875
14	7	2018	23.5	33.44	0.0	3.8003
15	7	2018	22.27	33.46	10.67	3.8827
16	7	2018	22.82	32.85	0.0	4.4302
17	7	2018	22.61	32.48	0.762	5.3326
18	7	2018	23.97	33.94	0.0	5.6413
19	7	2018	23.57	32.75	35.05	3.5519
20	7	2018	22.82	32.34	0.254	5.1741
21	7	2018	20.91	28.94	47.75	2.972
22	7	2018	21.87	33.33	0.0	5.7224
23	7	2018	22.24	31.97	7.112	4.9178
24	7	2018	21.32	32.07	3.048	4.0846
25	7	2018	21.42	32.48	0.254	5.0263
26	7	2018	23.6	33.84	2.794	5.1294
27	7	2018	23.16	32.17	0.0	3.4021
28	7	2018	22.95	34.15	0.0	5.1212
29	7	2018	23.36	32.95	0.0	4.8843
30	7	2018	22.07	32.03	0.0	4.4246
31	7	2018	22.24	28.19	15.49	2.1866
1	8	2018	22.04	26.9	14.99	2.2709
2	8	2018	21.87	25.74	6.858	1.6625
3	8	2018	21.73	30.81	8.13	4.2173
4	8	2018	21.29	33.17	0.0	4.8335
5	8	2018	21.93	34.02	0.0	5.5268
6	8	2018	21.73	34.97	4.826	5.4764
7	8	2018	21.19	33.44	0.0	5.1586
8	8	2018	22.58	34.01	0.0	5.3778
9	8	2018	22.27	33.16	0.0	5.2066
10	8	2018	21.9	33.64	14.22	5.8459
11	8	2018	21.32	30.44	0.0	4.322
12	8	2018	22.07	33.23	36.83	5.1746
13	8	2018	21.73	34.46	20.32	5.0984
14	8	2018	21.53	33.27	1.016	4.7858
15	8	2018	21.73	33.24	5.08	4.4192
16	8	2018	22.72	33.33	0.254	4.6564
17	8	2018	22.24	30.57	4.572	3.2136
18	8	2018	22.0	32.61	0.0	4.4022
19	8	2018	22.75	32.03	15.49	3.5917
20	8	2018	21.97	33.33	37.59	4.5917
21	8	2018	21.53	30.71	18.8	3.1756
22	8	2018	23.57	31.56	0.762	5.0176
23	8	2018	19.89	30.74	0.0	4.8311
24	8	2018	22.92	32.51	0.762	5.4187
25	8	2018	21.49	32.11	0.254	5.3524
26	8	2018	21.53	32.32	0.0	5.0382
27	8	2018	21.32	33.75	0.0	5.2579
28	8	2018	22.82	33.64	0.0	5.3205
29	8	2018	21.29	32.86	9.65	4.3245
30	8	2018	21.22	31.7	22.61	4.0625
31	8	2018	20.98	32.66	9.91	4.8438
1	9	2018	21.32	33.24	0.0	4.9502
2	9	2018	22.0	32.96	0.762	4.4565
3	9	2018	22.0	31.97	0.254	3.9612
4	9	2018	22.89	30.54	4.572	3.0042
5	9	2018	23.63	32.17	0.0	3.9649
6	9	2018	22.55	32.21	0.0	4.3197
7	9	2018	21.97	32.42	3.81	4.4055
8	9	2018	21.19	33.0	0.254	4.254
9	9	2018	21.97	32.9	0.0	4.9679
10	9	2018	22.27	33.3	0.0	4.6947
11	9	2018	21.76	33.54	2.286	4.6513
12	9	2018	21.8	32.08	1.016	3.9014
13	9	2018	22.58	33.47	0.254	4.3392
14	9	2018	23.09	34.66	0.0	5.1237
15	9	2018	22.61	34.32	0.0	4.7724
16	9	2018	21.15	33.68	0.0	5.0951
17	9	2018	23.23	34.97	4.318	4.3752
18	9	2018	22.31	33.85	0.0	4.6041
19	9	2018	21.12	35.28	0.0	4.6166
20	9	2018	21.8	35.28	0.0	4.8248
21	9	2018	21.53	33.61	0.0	4.6341
22	9	2018	20.3	33.24	0.0	4.5492
23	9	2018	19.76	32.56	0.0	3.6912
24	9	2018	21.93	33.71	0.0	4.6311
25	9	2018	21.76	33.75	0.0	4.2345
26	9	2018	20.98	34.02	1.27	3.6451
27	9	2018	21.46	33.71	0.0	4.2083
28	9	2018	20.37	32.62	0.0	3.1891
29	9	2018	20.91	34.7	0.254	4.4232
30	9	2018	20.71	33.07	0.0	4.42
1	10	2018	21.36	31.97	0.0	4.8525
2	10	2018	20.1	32.28	0.0	4.2408
3	10	2018	19.52	32.9	0.0	3.9618
4	10	2018	18.47	33.3	0.0	3.8549
5	10	2018	18.43	34.26	0.0	4.1607
6	10	2018	18.26	33.41	0.0	4.2222
7	10	2018	17.41	32.89	0.0	4.3338
8	10	2018	21.73	30.88	0.0	3.594
9	10	2018	23.02	30.16	8.38	3.6274
10	10	2018	23.36	25.67	105.7	0.9341
11	10	2018	19.55	29.65	0.0	4.6434
12	10	2018	13.78	27.04	0.0	4.9424
13	10	2018	12.21	28.5	0.0	3.8243
14	10	2018	14.11	31.36	0.0	4.1496
15	10	2018	20.4	32.86	0.0	3.8726
16	10	2018	20.64	33.47	50.55	3.8439
17	10	2018	20.4	31.98	0.254	4.0153
18	10	2018	16.02	29.14	0.0	5.3436
19	10	2018	19.21	29.55	0.0	3.5314
20	10	2018	18.74	30.67	0.762	4.2556
21	10	2018	10.39	20.85	0.0	4.9105
22	10	2018	7.47	24.62	0.0	3.4058
23	10	2018	15.85	21.66	0.0	1.342
24	10	2018	12.82	24.76	0.0	3.7929
25	10	2018	12.99	20.4	2.794	1.984
26	10	2018	15.81	26.56	0.0	3.6866
27	10	2018	10.38	20.17	0.0	3.3746
28	10	2018	7.4	25.1	0.0	3.2846
29	10	2018	10.49	26.76	0.0	3.8465
30	10	2018	6.92	26.32	0.0	3.0483
31	10	2018	9.57	29.04	0.0	3.4559
1	11	2018	16.22	26.97	12.95	2.8363
2	11	2018	9.06	19.66	23.37	0.5909
3	11	2018	5.09	19.86	0.0	2.3364
4	11	2018	7.19	18.64	0.0	1.0859
5	11	2018	17.38	25.81	0.0	1.5205
6	11	2018	20.03	26.63	5.842	1.2941
7	11	2018	18.87	26.01	36.07	1.0278
8	11	2018	18.4	26.59	0.254	2.0491
9	11	2018	16.97	26.97	5.08	2.0664
10	11	2018	6.72	17.0	0.0	3.7956
11	11	2018	5.56	19.76	0.0	3.0001
12	11	2018	11.53	20.74	6.096	0.8636
13	11	2018	12.89	19.59	5.588	0.6294
14	11	2018	10.82	15.54	21.34	0.575
15	11	2018	1.18	11.53	10.41	0.6493
16	11	2018	-0.62	14.79	0.0	2.1507
17	11	2018	1.79	19.52	0.0	1.7821
18	11	2018	3.93	21.93	0.0	1.8376
19	11	2018	5.63	22.14	0.0	1.7262
20	11	2018	7.8	21.29	0.0	2.0604
21	11	2018	3.38	16.8	0.0	2.0792
22	11	2018	2.36	15.54	0.0	1.7673
23	11	2018	7.46	14.15	0.0	1.0593
24	11	2018	8.44	17.92	0.508	1.1632
25	11	2018	7.53	16.56	1.778	1.0523
26	11	2018	4.13	18.8	9.91	1.7983
27	11	2018	0.57	10.41	0.0	2.6302
28	11	2018	-2.53	12.28	0.0	2.3332
29	11	2018	0.47	19.21	0.0	1.6077
30	11	2018	6.89	23.12	0.0	2.8048
1	12	2018	12.79	20.61	54.1	0.4552
2	12	2018	17.85	23.76	41.15	1.072
3	12	2018	11.33	19.51	2.794	0.8354
4	12	2018	4.88	14.69	0.254	2.6766
5	12	2018	2.17	11.46	0.0	2.6767
6	12	2018	-1.03	12.07	0.0	1.5909
7	12	2018	0.81	16.45	0.0	1.8886
8	12	2018	7.73	13.26	2.032	1.7799
9	12	2018	5.29	13.94	22.1	0.7058
10	12	2018	4.64	6.98	0.0	0.717
11	12	2018	1.52	12.41	0.0	1.5045
12	12	2018	-2.19	13.97	0.0	1.3082
13	12	2018	3.11	15.57	0.254	1.1643
14	12	2018	14.05	18.32	57.66	0.0544
15	12	2018	10.03	17.13	3.302	1.4303
16	12	2018	8.27	11.77	0.0	0.9195
17	12	2018	6.58	18.32	0.0	1.8162
18	12	2018	2.77	19.34	0.0	1.6446
19	12	2018	6.17	16.15	0.0	1.3106
20	12	2018	11.67	16.15	20.32	0.3482
21	12	2018	6.78	14.52	7.874	1.7721
22	12	2018	2.98	13.57	0.0	2.061
23	12	2018	0.53	20.02	0.0	2.0167
24	12	2018	3.11	15.98	0.0	1.5568
25	12	2018	0.13	18.59	0.0	1.6756
26	12	2018	4.47	18.59	0.0	2.4107
27	12	2018	11.16	22.71	0.0	2.2424
28	12	2018	16.53	22.13	30.99	0.6815
29	12	2018	16.02	19.58	0.762	0.717
30	12	2018	17.51	23.08	3.556	0.8739
31	12	2018	18.67	24.24	0.0	2.2019
1	1	2019	19.15	26.62	0.0	2.3098
2	1	2019	17.38	23.36	0.0	1.5195
3	1	2019	14.86	23.63	0.0	1.2497
4	1	2019	10.17	20.77	28.7	1.3124
5	1	2019	6.38	16.01	0.0	2.7274
6	1	2019	3.79	21.86	0.0	1.7271
7	1	2019	5.09	22.2	0.0	2.023
8	1	2019	7.05	21.56	0.0	1.6653
9	1	2019	6.75	15.54	0.0	3.9564
10	1	2019	1.83	13.23	0.0	3.6681
11	1	2019	0.19	15.37	0.0	2.4294
12	1	2019	6.45	18.8	0.0	1.9765
13	1	2019	10.24	20.4	0.762	2.4885
14	1	2019	4.13	10.31	0.0	1.0435
15	1	2019	0.81	8.16	0.0	1.1026
16	1	2019	0.47	15.3	0.0	1.626
17	1	2019	-0.08	18.39	0.0	2.285
18	1	2019	11.16	19.96	1.524	1.4737
19	1	2019	13.09	23.32	17.27	2.7394
20	1	2019	1.48	16.53	0.0	4.6371
21	1	2019	-1.1	9.69	0.0	2.2945
22	1	2019	1.35	17.17	0.0	2.5491
23	1	2019	11.43	23.9	43.43	4.1278
24	1	2019	1.69	18.19	22.61	2.089
25	1	2019	0.5	12.69	0.0	2.4224
26	1	2019	-2.46	13.63	0.0	1.7483
27	1	2019	1.89	11.02	0.0	1.1092
28	1	2019	-0.01	15.88	0.0	2.0353
29	1	2019	2.02	11.8	8.64	1.1297
30	1	2019	-2.66	8.37	0.0	2.361
31	1	2019	-1.78	13.23	0.0	2.2603
1	2	2019	1.35	15.09	7.874	1.8209
2	2	2019	10.68	18.22	20.32	1.4325
3	2	2019	10.17	17.91	8.64	1.0558
4	2	2019	8.27	21.42	0.254	1.824
5	2	2019	9.69	24.86	0.0	2.1271
6	2	2019	12.79	25.74	0.0	2.3261
7	2	2019	12.21	26.59	0.0	3.1802
8	2	2019	9.84	19.76	0.0	2.6336
9	2	2019	3.93	18.29	0.0	5.1078
10	2	2019	10.61	15.17	2.286	2.4527
11	2	2019	8.07	21.42	0.254	1.4749
12	2	2019	13.77	24.51	9.14	2.35
13	2	2019	3.93	15.74	2.032	3.873
14	2	2019	1.45	18.9	0.0	2.5609
15	2	2019	4.71	21.89	0.0	2.5751
16	2	2019	14.52	24.35	0.0	2.7518
17	2	2019	14.32	26.42	0.0	2.5941
18	2	2019	12.89	21.22	1.27	1.7727
19	2	2019	10.51	17.37	0.0	3.5068
20	2	2019	9.84	23.5	0.0	1.7874
21	2	2019	18.4	29.28	0.0	3.5962
22	2	2019	15.75	28.33	0.0	3.1715
23	2	2019	17.79	29.99	0.0	4.2271
24	2	2019	11.95	23.97	6.604	4.5455
25	2	2019	6.17	20.13	0.0	5.9051
26	2	2019	11.33	23.84	0.0	3.6657
27	2	2019	12.96	20.98	2.54	1.1087
28	2	2019	12.07	22.68	6.604	2.0274
1	3	2019	16.7	21.66	5.334	1.674
2	3	2019	16.15	25.1	2.794	2.4216
3	3	2019	15.92	26.73	40.39	3.1094
4	3	2019	4.61	15.95	0.0	3.3652
5	3	2019	2.43	12.38	7.874	4.4185
6	3	2019	-0.11	12.31	0.0	4.2333
7	3	2019	-0.01	18.53	0.0	3.3289
8	3	2019	7.19	24.04	0.0	4.6289
9	3	2019	10.01	26.32	0.0	3.7448
10	3	2019	12.96	29.14	3.81	3.31
11	3	2019	15.61	25.33	19.3	1.5545
12	3	2019	12.45	24.28	0.0	4.5744
13	3	2019	13.3	25.84	0.0	4.9726
14	3	2019	16.43	27.65	0.0	4.896
15	3	2019	16.29	28.46	3.81	4.6872
16	3	2019	10.58	16.36	0.0	4.4741
17	3	2019	9.33	18.22	0.0	4.2198
18	3	2019	4.51	18.97	0.0	4.008
19	3	2019	8.07	18.63	0.0	5.7886
20	3	2019	4.0	18.5	0.0	4.5456
21	3	2019	4.34	19.79	0.0	5.1719
22	3	2019	6.85	22.13	0.0	5.9413
23	3	2019	2.84	25.61	0.0	4.5401
24	3	2019	5.15	26.76	0.0	5.0911
25	3	2019	10.04	25.23	0.254	4.7692
26	3	2019	12.01	23.19	0.254	4.9481
27	3	2019	8.45	19.42	0.0	6.3792
28	3	2019	5.19	23.84	0.0	5.34
29	3	2019	7.33	25.95	0.0	4.5819
30	3	2019	11.87	27.38	0.0	5.0402
31	3	2019	10.31	20.2	0.254	2.708
1	4	2019	8.85	16.63	0.0	3.7129
2	4	2019	8.68	20.64	2.794	3.9843
3	4	2019	6.65	24.11	0.0	4.7057
4	4	2019	9.7	26.29	11.18	4.6576
5	4	2019	16.29	24.72	1.524	2.7718
6	4	2019	18.36	28.12	23.11	2.9501
7	4	2019	19.08	27.44	0.254	3.4462
8	4	2019	18.53	27.61	1.016	3.2053
9	4	2019	17.85	28.19	0.254	4.9755
10	4	2019	16.36	29.59	0.0	5.4227
11	4	2019	16.66	29.89	0.0	5.5928
12	4	2019	19.35	29.21	0.0	4.7754
13	4	2019	14.56	32.14	0.0	5.6185
14	4	2019	14.86	25.57	15.75	1.8031
15	4	2019	10.14	22.24	0.0	7.0748
16	4	2019	7.74	27.04	0.0	5.622
17	4	2019	13.23	29.11	0.0	4.9902
18	4	2019	16.73	29.96	0.0	6.5874
19	4	2019	11.81	24.08	35.56	3.6787
20	4	2019	9.13	21.32	0.0	7.0203
21	4	2019	8.48	24.89	0.0	6.2871
22	4	2019	8.99	29.48	0.0	5.516
23	4	2019	11.54	30.13	0.0	5.9744
24	4	2019	15.64	27.78	0.0	5.5837
25	4	2019	13.16	28.46	16.26	5.0485
26	4	2019	15.68	26.35	0.254	5.8181
27	4	2019	9.09	27.75	0.0	6.5895
28	4	2019	9.81	29.25	0.0	5.795
29	4	2019	13.26	32.65	0.0	6.4485
30	4	2019	16.22	32.03	0.0	6.5103
1	5	2019	20.57	32.07	0.0	6.4609
2	5	2019	17.85	31.69	0.0	5.7056
3	5	2019	20.57	31.9	0.0	5.1864
4	5	2019	20.74	33.12	9.4	6.6484
5	5	2019	20.81	29.69	1.524	6.3745
6	5	2019	17.31	30.1	0.0	6.7051
7	5	2019	14.73	33.51	0.0	6.3728
8	5	2019	20.23	32.52	0.0	6.7309
9	5	2019	20.13	32.92	8.38	7.2941
10	5	2019	20.03	31.12	27.43	4.8228
11	5	2019	20.57	30.61	17.53	4.1647
12	5	2019	18.67	26.73	10.67	2.2713
13	5	2019	18.98	27.99	0.0	5.3185
14	5	2019	14.49	26.42	0.0	6.3562
15	5	2019	12.89	28.33	0.0	6.3485
16	5	2019	14.73	31.7	0.0	5.8604
17	5	2019	19.01	32.27	11.94	6.71
18	5	2019	19.42	33.88	0.0	6.5054
19	5	2019	19.21	33.51	0.0	6.4701
20	5	2019	19.72	34.02	0.0	6.6811
21	5	2019	19.62	34.73	0.0	6.6294
22	5	2019	20.17	35.51	0.0	6.7349
23	5	2019	21.32	34.77	0.0	7.3264
24	5	2019	19.28	35.21	0.0	6.8465
25	5	2019	19.69	37.67	0.0	7.0554
26	5	2019	21.53	38.32	0.0	7.8164
27	5	2019	23.77	36.81	0.0	8.2082
28	5	2019	22.72	36.95	0.0	7.6268
29	5	2019	22.31	37.64	0.0	7.8083
30	5	2019	21.05	34.53	0.0	8.4731
31	5	2019	23.02	34.32	0.0	7.2647
1	6	2019	22.0	35.99	0.0	8.1127
2	6	2019	20.37	35.55	0.0	8.0007
3	6	2019	19.89	37.08	0.0	7.9548
4	6	2019	20.23	37.84	0.0	7.532
5	6	2019	24.25	35.0	3.302	6.4089
6	6	2019	24.31	29.18	0.508	3.2413
7	6	2019	23.46	31.77	0.0	5.7425
8	6	2019	22.82	30.85	0.0	5.4353
9	6	2019	22.75	27.38	34.54	1.6942
10	6	2019	22.75	32.08	0.508	3.8445
11	6	2019	21.46	32.86	14.48	6.0857
12	6	2019	22.75	31.64	0.0	4.4356
13	6	2019	20.23	29.79	0.0	5.7934
14	6	2019	16.94	31.22	0.0	7.0397
15	6	2019	19.89	33.1	0.0	6.3821
16	6	2019	20.74	35.24	0.0	6.1444
17	6	2019	22.41	33.95	0.0	6.3759
18	6	2019	21.8	33.03	13.97	4.8468
19	6	2019	22.75	33.03	0.254	5.9646
20	6	2019	21.06	34.66	15.49	7.1517
21	6	2019	22.27	34.94	1.778	5.9998
22	6	2019	21.8	34.43	12.7	6.2703
23	6	2019	21.05	34.05	0.254	6.4267
24	6	2019	22.82	35.0	4.064	7.0299
25	6	2019	24.31	35.04	0.0	7.1877
26	6	2019	23.36	34.26	0.0	6.149
27	6	2019	22.0	33.68	0.0	7.0505
28	6	2019	21.73	34.29	12.45	6.3014
29	6	2019	21.42	33.58	6.604	5.3704
30	6	2019	21.66	32.9	0.254	4.7415
1	7	2019	23.43	35.24	0.0	6.8575
2	7	2019	24.28	36.5	0.0	7.2199
3	7	2019	24.31	36.71	0.762	5.8331
4	7	2019	23.53	36.27	0.0	6.3305
5	7	2019	23.23	36.4	0.0	5.8281
6	7	2019	23.7	33.98	10.67	4.294
7	7	2019	22.78	35.24	2.54	6.8418
8	7	2019	23.23	34.56	0.254	6.7286
9	7	2019	23.7	33.95	10.16	4.8864
10	7	2019	23.84	33.75	0.0	4.6018
11	7	2019	23.91	33.81	2.794	5.8974
12	7	2019	22.89	32.52	12.19	4.7162
13	7	2019	23.12	32.18	0.0	3.6091
14	7	2019	22.07	35.11	0.0	5.9405
15	7	2019	21.59	35.66	0.0	6.3856
16	7	2019	22.38	36.24	0.0	6.4602
17	7	2019	23.16	34.94	0.0	6.8206
18	7	2019	24.25	34.9	0.0	5.5565
19	7	2019	22.07	34.29	92.7	4.4246
20	7	2019	20.88	32.32	0.254	5.3032
21	7	2019	21.63	34.53	0.0	6.0102
22	7	2019	21.76	34.05	0.0	5.6481
23	7	2019	22.34	31.57	1.016	4.3915
24	7	2019	21.05	30.14	0.254	4.4834
25	7	2019	18.84	33.07	0.0	6.0806
26	7	2019	20.54	31.94	0.0	6.1189
27	7	2019	18.06	33.24	0.0	7.2166
28	7	2019	20.03	34.05	0.0	6.6764
29	7	2019	18.7	34.9	0.0	5.8688
30	7	2019	20.1	36.65	0.0	6.5411
31	7	2019	20.57	35.59	22.61	6.4108
1	8	2019	21.15	35.42	0.0	6.5761
2	8	2019	21.22	33.24	0.254	4.6813
3	8	2019	21.59	34.43	37.59	5.1331
4	8	2019	21.05	32.69	0.254	5.5563
5	8	2019	22.75	30.1	2.54	2.4446
6	8	2019	22.27	33.75	0.254	5.6279
7	8	2019	22.72	34.46	0.0	6.1174
8	8	2019	23.97	34.98	0.0	5.8903
9	8	2019	23.4	35.42	0.0	6.1886
10	8	2019	24.45	35.32	0.0	6.3547
11	8	2019	24.04	34.33	0.0	5.4333
12	8	2019	25.16	37.26	2.032	5.1777
13	8	2019	24.31	37.26	0.0	5.9783
14	8	2019	24.45	36.28	0.0	5.8263
15	8	2019	23.36	35.39	0.0	5.6681
16	8	2019	22.61	36.85	0.0	7.0169
17	8	2019	22.92	37.77	0.0	6.0183
18	8	2019	22.0	29.46	12.7	2.6164
19	8	2019	24.04	31.5	11.68	3.508
20	8	2019	23.91	33.61	0.0	4.1687
21	8	2019	23.37	32.86	1.27	4.5351
22	8	2019	22.9	35.51	1.27	5.7426
23	8	2019	23.38	35.0	0.254	5.3542
24	8	2019	23.07	35.82	0.0	6.0319
25	8	2019	23.24	30.16	0.254	3.848
26	8	2019	22.67	32.16	41.4	4.2642
27	8	2019	23.18	31.82	3.556	3.3726
28	8	2019	23.45	33.16	0.0	5.5873
29	8	2019	21.14	33.73	0.0	6.6107
30	8	2019	19.47	33.32	0.0	6.3901
31	8	2019	22.39	33.9	7.112	4.9915
1	9	2019	23.21	32.1	5.334	5.0589
2	9	2019	22.9	32.1	0.0	5.2564
3	9	2019	22.5	33.66	0.0	6.6266
4	9	2019	22.56	34.82	0.0	7.5084
5	9	2019	22.9	35.64	0.0	7.3585
6	9	2019	17.8	33.56	0.0	5.7054
7	9	2019	17.63	35.88	0.0	5.2724
8	9	2019	22.7	37.86	0.0	5.912
9	9	2019	23.38	37.38	11.43	5.6246
10	9	2019	21.51	36.05	1.778	4.9104
11	9	2019	21.75	35.1	0.0	5.9293
12	9	2019	21.07	34.97	0.0	6.5213
13	9	2019	19.78	33.77	0.0	6.2368
14	9	2019	21.14	33.29	0.0	6.3787
15	9	2019	21.95	33.87	0.0	5.8275
16	9	2019	20.73	35.37	0.0	6.0478
17	9	2019	18.86	38.33	0.0	5.5298
18	9	2019	22.39	37.45	7.112	5.7055
19	9	2019	19.74	30.84	0.0	6.3275
20	9	2019	17.26	32.27	0.0	6.4385
21	9	2019	19.3	32.85	0.0	6.0596
22	9	2019	15.87	32.48	0.0	4.489
23	9	2019	17.6	33.74	0.0	5.0603
24	9	2019	16.59	36.6	0.0	5.3095
25	9	2019	19.64	37.11	0.0	5.9643
26	9	2019	18.69	37.86	0.0	5.3601
27	9	2019	23.07	37.89	0.0	6.04
28	9	2019	23.52	36.22	0.0	5.2252
29	9	2019	20.59	34.22	0.0	5.0608
30	9	2019	20.18	36.73	0.0	5.4639
1	10	2019	21.54	35.71	0.0	5.3347
2	10	2019	20.69	35.65	0.0	5.0944
3	10	2019	20.05	37.14	0.0	5.11
4	10	2019	20.93	37.21	0.0	5.1126
5	10	2019	21.68	34.83	0.0	5.3932
6	10	2019	21.48	32.68	0.0	5.4999
7	10	2019	20.01	31.66	0.0	4.7169
8	10	2019	18.55	32.89	0.0	5.4385
9	10	2019	19.3	31.49	0.0	5.0267
10	10	2019	16.59	31.22	0.0	6.0101
11	10	2019	14.21	29.89	0.0	4.5194
12	10	2019	14.28	32.18	0.0	4.1705
13	10	2019	17.6	33.16	0.0	4.3258
14	10	2019	19.33	31.11	0.0	4.5422
15	10	2019	20.05	23.99	53.85	0.8665
16	10	2019	15.64	26.64	2.286	2.233
17	10	2019	10.07	23.62	0.0	3.7334
18	10	2019	11.73	23.04	0.254	3.0569
19	10	2019	15.87	25.22	20.57	1.0709
20	10	2019	15.42	26.14	0.254	3.2718
21	10	2019	13.73	30.02	0.508	3.0524
22	10	2019	12.04	26.44	5.842	3.6723
23	10	2019	7.21	23.35	0.0	3.7062
24	10	2019	9.66	24.57	0.0	2.5425
25	10	2019	19.84	29.43	8.13	2.7876
26	10	2019	21.82	30.32	0.508	3.5318
27	10	2019	14.07	26.89	0.254	3.5061
28	10	2019	12.65	29.41	0.0	2.9277
29	10	2019	20.8	24.13	18.03	0.6456
30	10	2019	22.22	26.98	1.016	1.3272
31	10	2019	7.11	30.97	17.53	3.35
1	11	2019	3.07	16.78	0.0	3.2789
2	11	2019	4.63	20.39	0.0	3.4887
3	11	2019	5.31	20.18	0.0	3.8981
4	11	2019	8.44	23.92	0.0	2.6431
5	11	2019	16.24	27.36	0.0	3.2079
6	11	2019	15.36	26.88	0.0	4.2263
7	11	2019	16.14	23.72	22.86	1.1635
8	11	2019	13.53	20.01	6.604	1.6903
9	11	2019	5.71	17.02	0.0	3.1314
10	11	2019	2.12	21.03	0.0	2.3158
11	11	2019	4.73	24.74	0.0	2.3043
12	11	2019	0.86	17.4	12.19	1.5115
13	11	2019	-1.05	11.31	0.0	3.2272
14	11	2019	4.53	10.6	1.27	1.9266
15	11	2019	6.46	11.45	4.318	0.5274
16	11	2019	7.38	15.53	0.0	1.8577
17	11	2019	9.86	19.3	0.0	2.9347
18	11	2019	9.31	20.59	0.0	2.7596
19	11	2019	4.42	19.81	0.0	2.7921
20	11	2019	4.32	21.31	0.0	2.8916
21	11	2019	4.02	22.12	0.0	2.207
22	11	2019	8.5	23.82	0.0	1.8358
23	11	2019	12.64	26.2	10.92	2.8356
24	11	2019	5.44	15.05	0.0	1.704
25	11	2019	2.86	18.11	0.0	1.7369
26	11	2019	3.14	22.29	0.254	1.9357
27	11	2019	13.73	26.3	0.0	2.0811
28	11	2019	9.11	22.33	0.0	3.2705
29	11	2019	6.63	24.09	0.0	2.2364
30	11	2019	8.03	26.61	0.0	2.7314
1	12	2019	13.8	21.75	19.56	2.5735
2	12	2019	1.98	13.93	0.0	3.5092
3	12	2019	-0.44	11.65	0.0	1.8301
4	12	2019	1.13	17.7	0.0	2.4279
5	12	2019	1.23	20.8	0.0	1.7951
6	12	2019	3.48	20.63	0.0	1.8037
7	12	2019	11.83	20.39	0.0	2.7171
8	12	2019	11.96	18.69	0.0	2.3729
9	12	2019	16.04	25.62	0.0	2.8955
10	12	2019	9.92	24.88	10.67	0.8665
11	12	2019	8.23	10.74	0.508	2.1202
12	12	2019	7.52	11.55	1.524	2.1941
13	12	2019	6.94	9.86	36.07	0.4603
14	12	2019	5.58	15.56	6.858	1.4412
15	12	2019	3.68	21.34	0.254	1.4709
16	12	2019	7.89	25.15	0.254	2.1261
17	12	2019	6.46	23.14	40.64	0.6152
18	12	2019	0.41	11.04	0.0	2.7415
19	12	2019	-2.14	13.59	0.0	2.1
20	12	2019	1.3	15.22	0.0	3.3384
21	12	2019	8.29	15.8	3.81	2.8627
22	12	2019	10.6	15.76	74.42	0.6964
23	12	2019	10.71	15.8	1.524	1.2404
24	12	2019	10.33	22.02	0.0	2.6881
25	12	2019	8.33	21.82	0.0	2.9746
26	12	2019	8.2	22.9	0.0	2.4831
27	12	2019	11.96	24.91	0.0	2.5436
28	12	2019	15.9	21.82	0.0	1.0268
29	12	2019	20.12	25.86	26.42	2.4366
30	12	2019	10.1	21.37	0.762	2.1799
31	12	2019	3.82	16.14	0.0	2.4797
1	1	2020	1.37	16.85	0.0	1.625
2	1	2020	8.67	24.16	0.0	3.1001
3	1	2020	18.08	27.53	47.75	2.1565
4	1	2020	8.09	19.4	4.572	2.1633
5	1	2020	2.32	14.37	0.0	2.6118
6	1	2020	1.4	20.05	0.0	1.5811
7	1	2020	5.0	18.42	0.0	2.9214
8	1	2020	-0.06	18.18	0.0	2.0719
9	1	2020	-0.2	21.54	0.0	2.4615
10	1	2020	14.13	25.32	0.0	2.8252
11	1	2020	18.99	23.86	24.64	1.9636
12	1	2020	15.08	21.07	2.032	0.5769
13	1	2020	18.08	25.76	0.762	1.3377
14	1	2020	15.15	25.73	5.588	1.675
15	1	2020	16.85	23.86	0.0	1.4601
16	1	2020	14.54	25.22	0.0	2.287
17	1	2020	10.2	19.71	0.0	5.3723
18	1	2020	7.89	22.9	2.032	2.9645
19	1	2020	5.65	17.87	0.762	2.0705
20	1	2020	0.82	9.07	0.0	3.064
21	1	2020	-2.17	7.61	0.0	2.7571
22	1	2020	-2.71	12.67	0.0	3.413
23	1	2020	6.66	16.38	1.016	2.7022
24	1	2020	9.65	20.9	0.762	1.9214
25	1	2020	3.68	14.2	0.0	2.6373
26	1	2020	1.44	14.34	0.254	1.3101
27	1	2020	5.71	14.95	1.27	1.1864
28	1	2020	0.55	17.87	0.254	2.175
29	1	2020	2.97	13.35	7.874	1.0363
30	1	2020	6.67	17.12	0.0	2.7783
31	1	2020	6.93	11.59	14.22	0.6724
1	2	2020	6.46	9.75	0.0	0.5244
2	2	2020	2.59	17.74	0.254	3.0999
3	2	2020	2.52	23.75	0.0	2.8399
4	2	2020	8.98	22.53	0.254	2.1123
5	2	2020	15.49	23.18	14.99	1.6816
6	2	2020	14.27	25.96	40.39	1.6618
7	2	2020	2.69	14.3	0.0	3.5462
8	2	2020	0.55	17.8	0.0	2.3514
9	2	2020	3.95	20.32	0.254	3.3007
10	2	2020	10.33	24.54	0.0	2.8158
11	2	2020	15.56	26.58	0.0	2.4248
12	2	2020	17.4	25.56	0.0	2.445
13	2	2020	11.01	24.77	13.72	1.3232
14	2	2020	7.41	16.99	0.508	4.3711
15	2	2020	2.32	18.79	0.0	3.7776
16	2	2020	7.48	11.66	22.35	0.0045
17	2	2020	10.81	19.03	2.032	1.2515
18	2	2020	16.55	24.13	0.762	1.5858
19	2	2020	16.48	25.96	0.254	3.2177
20	2	2020	5.85	17.02	16.76	0.6863
21	2	2020	3.27	10.8	0.0	3.0654
22	2	2020	-2.3	13.96	0.0	3.2317
23	2	2020	-1.01	19.03	0.0	2.694
24	2	2020	12.03	22.16	27.43	2.9574
25	2	2020	16.17	21.61	12.7	1.1109
26	2	2020	7.92	18.04	0.508	0.9673
27	2	2020	3.0	12.26	0.0	3.801
28	2	2020	-0.81	15.42	0.0	3.6072
29	2	2020	4.01	17.94	0.0	4.6686
1	3	2020	1.23	21.14	0.0	3.3233
2	3	2020	8.84	21.88	0.0	3.2065
3	3	2020	17.02	25.69	0.0	3.489
4	3	2020	13.35	21.2	35.56	0.6002
5	3	2020	11.35	15.42	37.85	0.704
6	3	2020	8.6	19.16	0.0	5.9426
7	3	2020	4.29	15.63	0.0	4.7087
8	3	2020	2.83	20.25	0.0	3.4289
9	3	2020	9.25	23.82	0.0	3.6761
10	3	2020	14.0	25.69	0.0	3.4447
11	3	2020	14.68	24.84	0.0	2.4047
12	3	2020	15.29	27.77	0.0	4.5559
13	3	2020	15.83	26.98	0.0	3.6293
14	3	2020	13.66	30.33	0.0	4.0209
15	3	2020	14.0	30.16	0.0	4.0343
16	3	2020	16.17	26.92	0.0	4.0805
17	3	2020	16.92	28.17	0.0	3.7902
18	3	2020	16.1	31.21	0.0	4.7442
19	3	2020	14.85	31.21	0.0	5.0687
20	3	2020	16.31	29.13	0.0	3.8422
21	3	2020	16.38	27.56	0.0	3.075
22	3	2020	15.32	27.43	0.0	4.6643
23	3	2020	17.87	28.17	0.0	4.329
24	3	2020	17.6	30.25	0.0	7.042
25	3	2020	18.89	30.67	0.0	6.2335
26	3	2020	15.49	31.55	0.0	5.7924
27	3	2020	18.35	32.0	0.0	5.9552
28	3	2020	16.72	31.93	0.0	5.5799
29	3	2020	19.57	32.61	0.0	5.8576
30	3	2020	15.36	30.13	0.0	5.8972
31	3	2020	14.07	26.24	9.4	4.3052
1	4	2020	8.91	21.54	0.0	6.8608
2	4	2020	7.21	22.56	0.0	4.6557
3	4	2020	7.89	25.28	0.0	3.8417
4	4	2020	10.37	29.65	0.0	4.9143
5	4	2020	16.92	27.94	0.508	4.3161
6	4	2020	13.53	29.72	0.0	4.79
7	4	2020	16.85	29.38	0.0	3.9789
8	4	2020	20.83	31.28	11.18	5.6602
9	4	2020	21.68	32.37	0.0	6.8515
10	4	2020	10.51	23.04	0.762	6.3766
11	4	2020	5.04	25.35	0.0	5.3332
12	4	2020	11.12	28.55	0.0	3.4134
13	4	2020	17.19	28.41	39.37	6.0056
14	4	2020	14.68	28.62	0.0	4.8483
15	4	2020	12.17	21.78	0.0	6.52
16	4	2020	9.39	23.24	0.0	7.2599
17	4	2020	9.8	27.09	0.0	4.9924
18	4	2020	18.28	28.41	0.0	4.532
19	4	2020	14.54	28.04	11.68	3.1425
20	4	2020	15.83	26.17	17.02	5.3133
21	4	2020	11.83	27.8	0.0	6.1138
22	4	2020	11.36	27.6	0.0	5.7643
23	4	2020	15.05	23.52	110.7	2.1149
24	4	2020	16.18	26.41	0.0	5.1309
25	4	2020	13.94	30.11	0.0	6.7959
26	4	2020	15.5	25.08	0.0	8.5011
27	4	2020	10.81	25.05	0.0	7.111
28	4	2020	10.14	28.9	0.0	5.5404
29	4	2020	14.38	27.97	39.37	4.4866
30	4	2020	13.12	23.04	0.508	5.1016
1	5	2020	11.39	25.83	0.0	6.3128
2	5	2020	11.22	30.05	0.0	5.4805
3	5	2020	13.12	29.57	0.0	6.6121
4	5	2020	16.24	30.74	0.0	6.7789
5	5	2020	19.3	31.21	0.0	7.4186
6	5	2020	15.12	28.21	0.0	9.4232
7	5	2020	9.32	22.8	0.0	7.0783
8	5	2020	8.57	26.98	0.0	6.8268
9	5	2020	12.24	23.72	0.0	7.0092
10	5	2020	11.73	27.57	0.0	6.3888
11	5	2020	10.27	26.85	0.0	7.1724
12	5	2020	8.71	26.85	0.0	6.7504
13	5	2020	13.46	31.21	0.0	6.4811
14	5	2020	17.26	30.36	0.0	6.7002
15	5	2020	16.96	31.28	0.0	5.749
16	5	2020	17.02	31.96	0.0	6.3053
17	5	2020	19.84	33.6	10.67	5.7554
18	5	2020	19.58	29.74	8.13	4.5229
19	5	2020	21.31	29.51	0.0	7.0454
20	5	2020	18.14	27.12	22.35	2.9143
21	5	2020	16.44	27.29	0.0	3.8593
22	5	2020	19.71	33.42	7.874	5.6828
23	5	2020	18.55	32.03	0.254	5.531
24	5	2020	20.32	33.32	0.0	5.4754
25	5	2020	21.65	31.14	1.27	5.5166
26	5	2020	20.73	28.25	0.254	4.2365
27	5	2020	20.9	30.98	0.0	4.7232
28	5	2020	20.39	31.96	0.254	5.006
29	5	2020	22.77	31.01	0.254	4.947
30	5	2020	22.67	32.81	0.254	6.0556
31	5	2020	20.25	32.47	0.0	6.794
1	6	2020	19.91	31.31	0.0	5.6565
2	6	2020	21.34	31.83	0.0	5.6563
3	6	2020	20.56	30.02	0.0	3.4939
4	6	2020	20.8	31.18	0.0	4.4287
5	6	2020	20.32	33.61	0.0	6.6752
6	6	2020	21.54	29.24	6.35	2.7259
7	6	2020	22.43	25.79	15.24	1.3967
8	6	2020	23.92	33.53	0.254	5.9241
9	6	2020	23.18	31.28	23.88	3.5016
10	6	2020	23.86	33.26	0.254	5.8021
11	6	2020	23.79	33.46	0.0	5.8755
12	6	2020	20.8	33.57	0.0	6.9267
13	6	2020	20.22	31.69	0.0	6.3509
14	6	2020	19.64	31.18	0.0	7.0558
15	6	2020	18.48	31.59	0.0	6.592
16	6	2020	16.52	26.65	0.0	5.9698
17	6	2020	14.55	29.82	0.0	5.7428
18	6	2020	16.93	33.1	0.0	5.8609
19	6	2020	19.1	35.44	0.0	6.4267
20	6	2020	20.63	35.75	0.0	6.1636
21	6	2020	22.16	34.97	0.0	7.5884
22	6	2020	20.66	34.22	0.0	6.2644
23	6	2020	21.44	31.97	3.556	5.3421
24	6	2020	21.78	33.37	3.048	4.808
25	6	2020	22.94	31.76	0.254	3.8256
26	6	2020	22.77	34.97	0.0	5.722
27	6	2020	23.65	34.9	0.0	6.4715
28	6	2020	23.72	35.27	0.0	6.7551
29	6	2020	23.92	36.26	0.0	6.8725
30	6	2020	22.63	34.93	2.54	5.3528
1	7	2020	22.29	34.15	6.096	4.8951
2	7	2020	22.26	32.82	0.254	6.1581
3	7	2020	22.26	36.19	3.048	5.2364
4	7	2020	21.82	33.88	0.254	4.9655
5	7	2020	22.02	30.36	21.34	2.9852
6	7	2020	22.97	30.46	18.29	3.5036
7	7	2020	24.13	31.76	0.0	5.0928
8	7	2020	24.2	31.66	0.0	4.4827
9	7	2020	22.33	32.52	0.0	6.0093
10	7	2020	24.6	34.69	0.0	6.622
11	7	2020	24.54	34.12	0.0	7.5251
12	7	2020	20.12	35.1	0.0	6.987
13	7	2020	21.92	34.01	0.0	6.3273
14	7	2020	24.13	35.48	0.0	5.8282
15	7	2020	23.38	35.07	7.112	4.6164
16	7	2020	22.43	35.92	0.0	5.8219
17	7	2020	21.17	35.65	0.0	6.5392
18	7	2020	22.39	35.92	0.0	6.139
19	7	2020	23.28	36.7	0.0	5.9689
20	7	2020	23.04	37.11	0.0	5.1975
21	7	2020	22.81	34.25	0.762	4.5797
22	7	2020	21.34	36.43	0.0	6.7563
23	7	2020	22.16	34.76	20.07	4.956
24	7	2020	21.34	34.52	12.7	5.4536
25	7	2020	23.41	33.88	0.254	6.0127
26	7	2020	22.19	35.61	0.0	6.0701
27	7	2020	22.84	34.93	0.0	6.2501
28	7	2020	23.28	30.78	13.21	3.3488
29	7	2020	22.9	31.02	0.254	4.6247
30	7	2020	23.38	32.65	5.08	4.2064
31	7	2020	23.99	35.17	0.0	6.3467
1	8	2020	23.79	34.59	0.0	6.3139
2	8	2020	21.61	37.28	0.0	6.209
3	8	2020	22.81	35.99	0.0	6.4339
4	8	2020	22.33	35.88	0.0	6.1332
5	8	2020	22.16	36.7	0.0	6.548
6	8	2020	21.89	36.09	41.15	6.7778
7	8	2020	22.37	34.59	0.254	5.8213
8	8	2020	23.49	35.0	0.0	6.2269
9	8	2020	22.98	35.65	0.0	6.524
10	8	2020	22.85	35.0	7.366	5.4046
11	8	2020	22.63	33.44	8.89	4.0714
12	8	2020	21.55	33.61	0.254	5.3466
13	8	2020	23.38	34.05	2.794	5.1798
14	8	2020	23.49	32.76	0.0	5.0882
15	8	2020	24.13	31.94	0.0	4.8214
16	8	2020	23.55	34.22	0.0	5.2516
17	8	2020	22.84	36.12	0.0	6.3405
18	8	2020	21.35	35.75	28.7	5.0037
19	8	2020	20.67	32.52	6.35	4.8948
20	8	2020	21.07	30.71	13.21	3.1396
21	8	2020	21.21	29.46	5.842	3.5466
22	8	2020	21.44	27.57	0.762	2.622
23	8	2020	21.51	29.28	2.54	2.5337
24	8	2020	23.45	28.94	13.21	1.8136
25	8	2020	23.24	34.83	0.0	5.0244
26	8	2020	24.4	35.0	0.0	5.1261
27	8	2020	24.81	34.9	0.0	5.22
28	8	2020	24.13	34.01	0.0	5.7218
29	8	2020	24.2	27.61	0.254	2.4127
30	8	2020	23.79	32.52	0.0	3.9215
31	8	2020	23.38	33.37	2.54	4.678
1	9	2020	23.11	34.42	1.016	4.9708
2	9	2020	23.39	33.84	0.254	4.8741
3	9	2020	21.69	35.27	0.0	5.1794
4	9	2020	20.88	36.26	0.0	5.4624
5	9	2020	20.68	36.16	0.0	5.553
6	9	2020	22.2	32.24	0.0	6.6721
7	9	2020	19.86	33.27	0.0	5.9088
8	9	2020	21.42	32.99	0.0	6.2035
9	9	2020	20.2	31.9	0.0	5.523
10	9	2020	23.66	33.91	8.13	4.235
11	9	2020	23.12	33.67	8.38	4.7189
12	9	2020	23.06	33.98	14.22	4.2603
13	9	2020	24.03	33.13	0.254	5.7453
14	9	2020	24.61	30.2	0.508	3.0259
15	9	2020	23.35	27.34	13.21	1.416
16	9	2020	22.09	25.18	104.6	0.4946
17	9	2020	21.72	26.21	3.048	2.2828
18	9	2020	19.92	27.0	0.0	2.4094
19	9	2020	19.24	24.06	0.0	2.9489
20	9	2020	15.64	22.36	0.0	3.9504
21	9	2020	16.25	25.08	0.0	6.029
22	9	2020	14.42	26.49	0.0	4.7925
23	9	2020	17.74	29.18	0.0	4.3503
24	9	2020	18.97	26.45	5.334	2.469
25	9	2020	22.06	31.02	6.35	3.1959
26	9	2020	19.51	30.31	0.0	3.6355
27	9	2020	19.85	23.65	16.51	0.6263
28	9	2020	21.1	31.97	0.762	3.4711
29	9	2020	13.81	23.93	0.254	1.2474
30	9	2020	10.2	25.06	0.254	3.5651
1	10	2020	11.16	28.54	0.0	3.7777
2	10	2020	12.31	24.45	0.0	4.8964
3	10	2020	9.76	24.72	0.0	4.239
4	10	2020	11.46	22.63	0.0	3.3935
5	10	2020	11.43	25.94	0.0	4.5146
6	10	2020	18.62	27.68	0.0	3.4039
7	10	2020	20.93	31.6	0.0	3.7279
8	10	2020	20.5	32.07	0.0	3.3156
9	10	2020	23.52	31.94	1.27	3.1026
10	10	2020	23.14	31.53	7.112	4.1415
11	10	2020	22.29	29.18	0.254	3.2794
12	10	2020	19.31	29.0	0.0	3.1951
13	10	2020	18.36	32.07	0.0	3.735
14	10	2020	14.01	31.02	0.0	3.4374
15	10	2020	19.31	30.68	0.0	3.1477
16	10	2020	14.01	26.9	0.0	3.643
17	10	2020	9.52	24.96	0.0	4.5555
18	10	2020	12.99	28.13	0.0	4.1618
19	10	2020	15.54	28.13	0.0	4.4632
20	10	2020	18.22	30.1	2.032	4.7543
21	10	2020	19.0	28.05	0.254	2.6957
22	10	2020	17.88	30.68	0.0	3.4644
23	10	2020	19.14	29.28	0.0	2.6672
24	10	2020	18.97	27.44	13.21	1.6806
25	10	2020	17.34	26.52	0.0	1.7871
26	10	2020	17.2	30.24	0.254	2.9057
27	10	2020	21.41	26.42	1.27	1.7094
28	10	2020	22.53	31.12	0.254	3.2852
29	10	2020	14.49	28.25	39.12	2.5559
30	10	2020	8.98	21.24	0.0	4.1954
31	10	2020	10.54	23.76	0.0	3.9891
1	11	2020	15.16	25.02	0.0	4.015
2	11	2020	4.97	17.8	0.0	4.366
3	11	2020	1.84	21.24	0.0	2.6225
4	11	2020	3.71	24.38	0.0	2.9213
5	11	2020	10.54	25.53	0.0	3.4791
6	11	2020	14.55	26.28	0.0	3.5385
7	11	2020	18.69	26.41	1.778	2.4948
8	11	2020	19.13	27.4	0.0	3.5443
9	11	2020	20.8	28.15	0.0	3.8236
10	11	2020	21.92	27.61	2.032	2.1143
11	11	2020	22.5	31.19	4.318	2.6526
12	11	2020	17.74	26.25	8.89	1.6089
13	11	2020	13.37	25.57	0.0	3.0414
14	11	2020	10.37	27.21	0.254	2.5731
15	11	2020	13.13	27.61	0.0	2.1831
16	11	2020	7.08	21.78	0.0	4.6032
17	11	2020	3.88	22.73	0.0	4.1733
18	11	2020	4.63	17.97	0.0	4.1202
19	11	2020	3.07	21.17	0.0	3.1656
20	11	2020	8.5	24.91	0.0	2.8554
21	11	2020	11.19	24.2	0.0	2.3986
22	11	2020	10.85	26.55	0.0	2.5907
23	11	2020	6.67	21.55	0.0	2.5993
24	11	2020	5.25	23.32	0.0	2.4629
25	11	2020	13.26	26.42	0.254	2.9223
26	11	2020	17.06	28.05	0.0	2.4507
27	11	2020	18.28	26.18	0.0	1.5729
28	11	2020	15.6	20.35	2.54	1.0871
29	11	2020	15.36	20.69	8.38	0.8271
30	11	2020	2.56	21.68	8.64	3.8506
1	12	2020	-1.49	9.75	0.0	2.3645
2	12	2020	-3.25	15.46	0.0	1.8412
3	12	2020	-0.47	16.89	0.0	1.2718
4	12	2020	6.46	21.71	17.78	1.6177
5	12	2020	3.85	16.48	0.0	2.3256
6	12	2020	6.26	17.77	0.0	1.4664
7	12	2020	3.41	13.25	0.254	1.7204
8	12	2020	-1.11	13.08	0.0	2.0236
9	12	2020	-0.81	18.59	0.0	1.8848
10	12	2020	1.98	22.05	0.254	1.542
11	12	2020	2.66	22.09	0.0	1.4461
12	12	2020	6.57	24.5	0.254	2.1937
13	12	2020	14.48	20.08	0.508	0.6797
14	12	2020	7.89	21.82	0.508	2.5185
15	12	2020	5.71	14.23	0.0	1.8469
16	12	2020	7.62	10.84	14.48	0.488
17	12	2020	-0.47	8.54	0.0	0.6703
18	12	2020	-2.0	13.21	0.0	1.9546
19	12	2020	-1.35	15.39	0.0	1.536
20	12	2020	9.22	12.81	12.7	0.3501
21	12	2020	4.5	16.58	0.254	1.2069
22	12	2020	1.78	20.22	0.254	1.9834
23	12	2020	1.61	21.75	0.0	2.3204
24	12	2020	1.78	18.18	78.49	0.7835
25	12	2020	-1.76	6.9	0.0	2.6223
26	12	2020	-4.54	9.51	0.0	1.4079
27	12	2020	-3.11	16.48	0.0	1.5665
28	12	2020	-0.2	20.46	0.0	1.4291
29	12	2020	2.73	20.46	0.0	1.8392
30	12	2020	9.8	23.11	0.0	2.2931
31	12	2020	15.46	22.16	2.54	1.0219
1	1	2021	17.5	23.11	35.81	0.8312
2	1	2021	14.04	19.57	23.88	0.1031
3	1	2021	5.24	14.31	0.0	1.5404
4	1	2021	1.37	16.78	0.254	1.5199
5	1	2021	4.57	17.84	0.0	2.715
6	1	2021	0.82	15.73	0.0	1.6205
7	1	2021	4.97	12.61	8.89	0.7219
8	1	2021	5.37	10.13	0.0	0.7433
9	1	2021	3.33	5.48	0.0	1.4306
10	1	2021	-1.63	9.17	0.0	1.2893
11	1	2021	3.37	13.11	7.62	0.8204
12	1	2021	7.35	11.68	0.0	1.5036
13	1	2021	2.52	8.7	0.0	1.046
14	1	2021	-1.63	15.46	0.254	1.628
15	1	2021	5.85	17.06	1.778	2.5952
16	1	2021	-0.81	11.45	0.0	2.7794
17	1	2021	-3.11	13.76	0.0	1.8537
18	1	2021	-1.73	15.42	0.0	2.497
19	1	2021	-1.49	19.61	0.0	1.9048
20	1	2021	3.75	20.86	0.0	2.3862
21	1	2021	8.71	18.21	1.016	1.2992
22	1	2021	12.3	16.58	19.05	0.2387
23	1	2021	7.35	17.6	0.254	2.0211
24	1	2021	8.23	18.21	0.0	1.5353
25	1	2021	12.2	25.49	0.0	2.7695
26	1	2021	18.76	21.92	23.37	0.4459
27	1	2021	12.07	19.27	31.24	1.0005
28	1	2021	4.9	13.86	0.0	4.189
29	1	2021	-0.88	15.63	0.0	2.199
30	1	2021	0.52	17.77	0.0	1.9699
31	1	2021	7.48	20.18	6.096	0.7565
1	2	2021	4.8	15.13	0.0	4.1205
2	2	2021	0.93	11.45	0.0	4.2467
3	2	2021	-0.84	13.32	0.0	2.9293
4	2	2021	-2.17	17.77	0.0	2.6765
5	2	2021	7.07	16.61	8.89	0.5882
6	2	2021	6.39	9.01	17.02	0.6264
7	2	2021	3.54	13.72	3.81	1.5144
8	2	2021	1.23	19.03	0.508	2.1486
9	2	2021	12.78	19.91	17.02	1.0293
10	2	2021	15.73	20.66	1.27	0.9949
11	2	2021	16.89	24.88	0.0	2.1402
12	2	2021	12.1	22.36	1.016	1.3516
13	2	2021	8.16	12.24	23.37	0.4208
14	2	2021	7.01	9.55	23.37	0.388
15	2	2021	8.3	20.22	8.13	1.5541
16	2	2021	-0.4	12.1	0.0	2.5059
17	2	2021	-1.42	15.83	1.27	2.8047
18	2	2021	8.23	21.2	29.97	1.4235
19	2	2021	4.36	10.74	0.508	1.262
20	2	2021	-0.54	15.25	0.0	3.3824
21	2	2021	-1.12	19.5	0.0	2.8628
22	2	2021	10.94	21.31	3.556	2.3186
23	2	2021	3.27	21.1	0.254	3.2568
24	2	2021	3.55	23.58	0.0	3.1736
25	2	2021	7.21	26.62	0.0	2.8445
26	2	2021	11.32	23.65	1.778	1.5769
27	2	2021	11.09	28.66	0.254	3.1897
28	2	2021	13.8	27.84	0.0	3.1209
1	3	2021	14.68	27.05	13.97	2.8375
2	3	2021	9.25	14.82	44.96	0.7144
3	3	2021	6.46	15.9	3.302	2.175
4	3	2021	3.48	22.73	0.254	3.47
5	3	2021	4.19	21.68	0.0	3.1965
6	3	2021	6.8	17.02	0.0	2.4369
7	3	2021	1.61	19.3	0.0	3.8394
8	3	2021	1.1	21.07	0.0	3.3625
9	3	2021	1.78	23.48	0.0	3.473
10	3	2021	5.78	24.75	0.0	3.7916
11	3	2021	7.41	26.21	0.0	3.9452
12	3	2021	8.98	27.71	0.0	3.8386
13	3	2021	10.0	28.94	0.0	4.0395
14	3	2021	11.29	29.01	0.0	4.4832
15	3	2021	11.16	27.27	0.0	3.5656
16	3	2021	16.79	29.14	2.032	4.3057
17	3	2021	18.83	29.34	2.54	4.4645
18	3	2021	11.56	26.99	13.46	5.4966
19	3	2021	9.93	16.27	0.0	4.2349
20	3	2021	9.32	17.29	0.0	5.3022
21	3	2021	8.57	20.22	0.254	4.9306
22	3	2021	11.7	24.44	0.0	5.2714
23	3	2021	12.95	25.66	0.0	3.5168
24	3	2021	15.57	23.99	2.032	2.3955
25	3	2021	15.64	29.95	0.0	5.1596
26	3	2021	21.37	31.35	0.0	4.9687
27	3	2021	19.71	31.77	0.0	4.8003
28	3	2021	15.37	29.82	8.89	4.9246
29	3	2021	11.33	24.41	0.0	5.6883
30	3	2021	13.94	27.2	0.0	3.547
31	3	2021	16.86	30.23	21.34	5.2627
1	4	2021	7.89	18.15	0.508	7.3774
2	4	2021	3.2	15.59	0.0	5.4752
3	4	2021	0.52	20.15	0.0	3.8847
4	4	2021	2.93	23.15	0.0	4.2314
5	4	2021	6.12	26.35	0.0	4.901
6	4	2021	7.96	27.88	0.0	4.944
7	4	2021	10.95	27.61	0.0	4.2212
8	4	2021	11.12	25.7	0.0	3.2213
9	4	2021	16.83	22.19	7.874	1.1652
10	4	2021	14.24	20.49	5.842	1.2376
11	4	2021	14.04	24.64	0.254	2.5111
12	4	2021	11.26	28.94	0.0	5.395
13	4	2021	11.09	32.89	0.0	5.5161
14	4	2021	14.01	31.33	1.016	6.8196
15	4	2021	15.1	20.29	1.778	1.0768
16	4	2021	13.53	21.0	0.254	2.6326
17	4	2021	13.67	23.25	9.14	2.4891
18	4	2021	16.45	23.99	1.016	3.4666
19	4	2021	12.65	24.37	0.0	5.948
20	4	2021	13.46	27.24	0.0	4.6073
21	4	2021	11.43	25.77	0.0	7.73
22	4	2021	5.85	19.81	0.0	6.5268
23	4	2021	6.05	25.16	0.0	4.7382
24	4	2021	16.52	22.05	105.7	1.1441
25	4	2021	14.68	25.39	0.254	6.1563
26	4	2021	10.54	28.6	0.0	5.1835
27	4	2021	15.91	30.34	0.0	5.4722
28	4	2021	18.12	30.54	0.0	5.2263
29	4	2021	16.59	29.45	0.0	5.3115
30	4	2021	18.36	29.45	0.0	5.1692
1	5	2021	15.0	29.76	0.0	6.8131
2	5	2021	17.47	30.48	0.0	5.629
3	5	2021	20.8	31.94	0.0	5.8201
4	5	2021	18.63	32.93	6.858	5.993
5	5	2021	18.97	26.45	1.016	3.1644
6	5	2021	17.34	26.93	0.0	6.704
7	5	2021	12.04	25.29	0.0	7.8138
8	5	2021	8.1	27.68	0.0	5.2613
9	5	2021	11.46	31.56	0.0	6.6388
10	5	2021	20.15	25.63	5.08	2.7055
11	5	2021	18.22	30.41	17.02	4.5904
12	5	2021	12.45	26.08	19.05	2.5354
13	5	2021	11.19	22.23	0.0	4.7021
14	5	2021	10.68	25.19	0.254	5.8168
15	5	2021	10.61	27.1	0.0	6.0711
16	5	2021	11.05	27.68	0.0	5.706
17	5	2021	13.84	30.17	0.0	6.5575
18	5	2021	17.68	30.99	0.0	6.5831
19	5	2021	18.49	30.92	0.0	7.0579
20	5	2021	18.36	30.3	0.0	7.4022
21	5	2021	15.57	30.82	0.0	6.4718
22	5	2021	16.19	30.24	0.0	6.0109
23	5	2021	16.25	32.52	0.0	5.7975
24	5	2021	17.34	34.49	0.0	6.5681
25	5	2021	17.82	34.59	0.0	6.6309
26	5	2021	17.34	33.3	0.0	6.3965
27	5	2021	17.82	32.52	0.0	7.3705
28	5	2021	19.45	32.76	0.0	8.1726
29	5	2021	20.27	30.85	4.064	7.2777
30	5	2021	14.86	28.5	0.0	7.1768
31	5	2021	17.07	32.11	0.0	7.3298
1	6	2021	16.73	31.19	0.0	6.8416
2	6	2021	16.87	32.86	0.0	5.4921
3	6	2021	19.66	32.18	0.0	4.4548
4	6	2021	21.08	34.52	0.0	6.2583
5	6	2021	21.02	31.87	0.0	4.8666
6	6	2021	21.56	33.91	3.81	4.249
7	6	2021	23.05	31.29	7.62	2.7292
8	6	2021	22.28	33.44	0.0	4.7965
9	6	2021	20.17	33.5	0.0	6.2836
10	6	2021	21.56	33.78	0.0	6.7455
11	6	2021	22.59	32.45	10.67	5.0567
12	6	2021	23.53	33.4	1.778	5.6663
13	6	2021	21.52	32.41	0.0	6.0616
14	6	2021	21.08	35.17	0.0	5.9653
15	6	2021	23.13	36.6	0.0	8.2024
16	6	2021	20.41	33.3	0.0	7.7485
17	6	2021	18.37	34.9	0.0	6.3761
18	6	2021	22.24	34.52	36.83	5.0421
19	6	2021	22.72	30.75	9.4	2.9232
20	6	2021	23.26	30.95	15.49	5.6277
21	6	2021	22.51	30.24	1.778	4.5463
22	6	2021	21.69	28.09	50.04	3.0224
23	6	2021	21.49	31.53	20.32	4.0185
24	6	2021	21.73	30.2	0.254	4.1886
25	6	2021	18.84	31.6	0.0	6.503
26	6	2021	21.43	33.3	0.0	5.641
27	6	2021	22.79	33.27	0.0	5.6015
28	6	2021	21.39	29.32	0.0	3.5894
29	6	2021	20.54	33.84	7.62	5.5484
30	6	2021	21.5	32.21	57.15	4.3538
1	7	2021	21.63	32.72	29.21	4.5778
2	7	2021	22.55	31.43	4.318	4.2868
3	7	2021	23.16	32.86	0.0	5.1648
4	7	2021	22.79	33.88	0.254	5.6067
5	7	2021	23.26	29.59	0.0	2.9627
6	7	2021	22.31	31.53	5.08	3.9252
7	7	2021	21.63	27.41	8.89	3.03
8	7	2021	21.63	30.51	4.318	4.1936
9	7	2021	22.31	30.68	3.048	4.0309
10	7	2021	21.8	31.97	11.18	5.1864
11	7	2021	21.19	32.89	8.89	5.2128
12	7	2021	21.9	32.28	0.254	4.4263
13	7	2021	20.47	34.56	0.0	5.2389
14	7	2021	22.04	33.91	0.0	5.2976
15	7	2021	22.69	34.35	15.24	4.4988
16	7	2021	21.7	34.52	0.254	5.4776
17	7	2021	22.04	34.59	1.016	5.2643
18	7	2021	22.69	33.33	0.254	5.1167
19	7	2021	22.62	31.9	4.826	3.6885
20	7	2021	22.93	29.73	7.62	2.8207
21	7	2021	23.16	31.9	0.508	4.2682
22	7	2021	24.56	33.37	1.27	4.9099
23	7	2021	22.82	33.95	16.0	3.9436
24	7	2021	22.48	32.65	0.0	5.1128
25	7	2021	20.92	32.69	0.0	5.4372
26	7	2021	21.63	35.24	0.0	4.7067
27	7	2021	22.48	34.66	51.31	4.6266
28	7	2021	22.99	34.8	1.524	5.5655
29	7	2021	22.52	35.76	0.254	5.4986
30	7	2021	24.32	35.75	0.0	5.7479
31	7	2021	24.42	34.8	0.0	5.8789
1	8	2021	23.47	34.05	4.572	5.265
2	8	2021	22.86	34.49	19.05	5.4304
3	8	2021	22.72	30.27	0.254	3.5417
4	8	2021	21.22	30.48	0.0	4.9398
5	8	2021	21.56	28.88	0.0	4.4666
6	8	2021	21.33	29.32	0.254	2.8409
7	8	2021	22.45	33.95	0.0	4.6477
8	8	2021	21.73	35.07	0.0	5.0933
9	8	2021	22.58	35.0	0.0	4.8678
10	8	2021	22.45	36.48	11.18	5.3909
11	8	2021	21.97	34.53	0.762	5.5287
12	8	2021	21.63	35.07	3.302	5.9573
13	8	2021	21.52	36.26	10.92	5.9745
14	8	2021	21.9	34.63	0.254	4.9415
15	8	2021	21.84	30.34	0.254	3.5227
16	8	2021	23.81	27.31	45.97	1.7138
17	8	2021	24.05	31.7	0.0	5.0325
18	8	2021	22.76	34.59	0.0	5.4311
19	8	2021	23.4	34.63	0.0	5.1605
20	8	2021	23.84	33.44	0.0	5.0002
21	8	2021	22.93	32.59	0.0	4.7272
22	8	2021	22.87	32.39	17.53	4.9978
23	8	2021	23.13	34.56	23.11	5.0395
24	8	2021	21.9	34.83	0.508	5.0519
25	8	2021	22.24	32.66	3.81	3.3392
26	8	2021	21.43	33.03	0.254	5.4022
27	8	2021	22.96	34.08	0.508	4.7768
28	8	2021	22.89	32.89	6.35	3.5916
29	8	2021	23.03	32.21	0.254	3.8831
30	8	2021	23.37	31.22	0.0	3.259
31	8	2021	23.27	26.84	17.02	1.6637
1	9	2021	23.23	32.04	1.27	5.2334
2	9	2021	22.21	32.01	17.53	4.5587
3	9	2021	21.19	31.53	0.0	5.3008
4	9	2021	18.4	30.88	0.0	4.9312
5	9	2021	17.76	33.07	0.0	4.6389
6	9	2021	20.31	33.51	0.0	4.6984
7	9	2021	21.53	34.13	0.0	4.2658
8	9	2021	23.03	26.16	9.91	1.4036
9	9	2021	19.96	30.2	0.0	3.944
10	9	2021	15.78	31.6	0.0	4.5633
11	9	2021	19.73	31.02	0.0	3.9476
12	9	2021	21.09	32.79	0.0	4.8114
13	9	2021	19.42	32.89	0.0	4.4983
14	9	2021	19.8	32.08	0.0	3.6479
15	9	2021	22.14	29.63	1.524	2.6419
16	9	2021	22.18	26.19	5.588	1.644
17	9	2021	22.07	30.14	0.0	2.6161
18	9	2021	21.73	31.16	20.83	3.0045
19	9	2021	22.14	30.0	11.18	2.3843
20	9	2021	23.1	31.53	0.254	3.0184
21	9	2021	22.55	33.47	0.0	3.8711
22	9	2021	16.87	30.58	0.254	3.5694
23	9	2021	12.28	25.71	0.0	4.672
24	9	2021	11.39	28.03	0.0	4.4212
25	9	2021	14.56	29.42	0.0	4.1418
26	9	2021	13.71	30.03	0.0	4.0591
27	9	2021	15.48	32.28	0.0	3.7976
28	9	2021	17.28	32.08	0.0	3.7484
29	9	2021	17.24	32.25	0.0	3.4384
30	9	2021	16.97	32.11	0.0	3.2018
1	10	2021	19.05	32.14	0.0	4.3366
2	10	2021	19.39	32.18	0.0	3.7499
3	10	2021	18.88	29.29	15.75	2.3099
4	10	2021	18.84	29.32	2.286	2.5887
5	10	2021	20.85	25.34	8.64	1.3473
6	10	2021	20.07	26.22	13.72	1.4912
7	10	2021	20.99	29.08	18.8	2.1986
8	10	2021	20.44	30.48	1.778	2.7535
9	10	2021	18.64	28.57	0.0	3.0923
10	10	2021	17.21	28.1	0.0	3.7129
11	10	2021	16.26	28.47	0.0	2.9478
12	10	2021	17.45	29.32	0.0	3.0967
13	10	2021	15.51	28.95	0.0	3.2539
14	10	2021	15.07	30.34	0.254	3.1102
15	10	2021	15.65	31.6	0.0	3.2532
16	10	2021	14.25	29.93	0.0	4.0943
17	10	2021	8.58	22.93	0.0	4.3022
18	10	2021	6.33	23.1	0.0	2.9201
19	10	2021	7.65	27.18	0.0	3.1357
20	10	2021	10.37	28.37	0.0	2.7329
21	10	2021	15.34	29.42	0.0	2.7468
22	10	2021	13.44	29.86	0.0	3.4803
23	10	2021	9.39	27.01	0.0	3.2321
24	10	2021	9.97	27.11	0.762	2.052
25	10	2021	18.54	28.67	0.508	2.7791
26	10	2021	12.99	24.63	0.0	3.7267
27	10	2021	9.83	25.99	0.0	2.7355
28	10	2021	14.25	25.88	35.31	3.7831
29	10	2021	11.29	19.49	0.0	4.1716
30	10	2021	9.63	18.33	0.0	2.4264
31	10	2021	8.88	20.64	0.0	2.5074
1	11	2021	6.3	21.94	0.0	1.9953
2	11	2021	7.99	24.46	0.254	2.3164
3	11	2021	9.29	23.61	0.0	3.4217
4	11	2021	9.9	20.58	0.0	3.2448
5	11	2021	7.99	11.9	0.254	2.3057
6	11	2021	6.1	15.78	0.0	4.0028
7	11	2021	5.35	21.46	0.0	3.3966
8	11	2021	2.25	23.71	0.0	2.4779
9	11	2021	3.34	25.34	0.0	2.2475
10	11	2021	7.38	25.68	0.0	1.8421
11	11	2021	14.32	25.88	0.0	2.3138
12	11	2021	9.05	25.14	0.254	2.6099
13	11	2021	6.3	19.9	0.0	3.1628
14	11	2021	0.79	16.66	0.0	2.2379
15	11	2021	3.24	21.19	0.0	1.9058
16	11	2021	3.14	24.56	0.0	1.7094
17	11	2021	4.94	27.28	0.0	2.2226
18	11	2021	10.27	28.16	0.0	1.8126
19	11	2021	7.01	20.0	0.0	4.2523
20	11	2021	4.39	20.34	0.0	3.4466
21	11	2021	9.63	23.09	0.0	2.3929
22	11	2021	9.46	19.86	0.254	2.0527
23	11	2021	0.52	14.76	0.0	3.437
24	11	2021	-1.79	18.46	0.0	1.9271
25	11	2021	3.2	22.62	0.0	1.9741
26	11	2021	4.19	17.82	0.254	2.4857
27	11	2021	0.18	19.17	0.0	2.0936
28	11	2021	4.22	14.73	0.508	1.3037
29	11	2021	1.47	16.89	0.0	2.238
30	11	2021	-1.59	19.52	0.0	1.7378
1	12	2021	1.37	22.04	0.0	1.5096
2	12	2021	3.07	24.25	0.0	2.1844
3	12	2021	6.77	24.72	0.0	1.6239
4	12	2021	8.47	23.16	0.254	1.2963
5	12	2021	10.0	24.18	0.254	1.6128
6	12	2021	9.25	24.32	12.19	1.8754
7	12	2021	13.84	16.26	2.54	0.3573
8	12	2021	10.07	23.49	2.794	1.1247
9	12	2021	6.84	15.5	1.778	0.7779
10	12	2021	13.06	24.95	1.524	1.2954
11	12	2021	16.63	27.17	4.318	2.4741
12	12	2021	6.8	17.31	0.254	1.8207
13	12	2021	5.31	18.19	0.254	1.4362
14	12	2021	7.18	21.35	0.0	1.9412
15	12	2021	8.2	24.11	0.0	2.5098
16	12	2021	14.46	20.46	0.0	0.754
17	12	2021	12.86	25.4	0.254	1.09
18	12	2021	16.39	26.35	0.0	1.8975
19	12	2021	9.8	21.46	30.99	0.6901
20	12	2021	7.41	10.95	0.0	1.6504
21	12	2021	4.73	7.59	11.43	0.5339
22	12	2021	3.82	16.51	0.0	2.694
23	12	2021	-0.29	18.39	0.0	1.3775
24	12	2021	1.2	21.28	0.0	1.4576
25	12	2021	6.63	23.53	0.254	2.0763
26	12	2021	13.44	25.95	0.0	2.1345
27	12	2021	14.52	24.24	0.254	1.3239
28	12	2021	18.63	26.15	0.0	2.7111
29	12	2021	19.15	26.25	6.604	1.8826
30	12	2021	21.59	27.04	6.096	2.2335
31	12	2021	21.01	28.06	3.81	2.4186
1	1	2022	20.57	27.17	0.0	2.7896
2	1	2022	14.73	27.41	65.53	1.7284
3	1	2022	2.25	14.76	0.0	3.5951
4	1	2022	0.42	15.0	0.0	1.6097
5	1	2022	6.94	18.18	0.0	1.9403
6	1	2022	4.6	20.43	0.508	1.8557
7	1	2022	2.52	14.05	0.0	2.7196
8	1	2022	0.58	18.25	0.0	2.4103
9	1	2022	10.92	24.58	10.41	2.2719
10	1	2022	6.63	16.56	1.27	2.3182
11	1	2022	1.71	12.68	0.0	3.0874
12	1	2022	1.2	15.97	0.0	1.5294
13	1	2022	3.99	16.68	0.0	2.2457
14	1	2022	2.29	16.92	0.0	1.6514
15	1	2022	3.0	19.07	17.27	1.9039
16	1	2022	5.31	13.16	19.56	2.6265
17	1	2022	0.14	12.1	0.0	2.7234
18	1	2022	-2.03	14.71	0.0	1.3146
19	1	2022	-0.7	19.68	0.0	1.4645
20	1	2022	3.48	13.64	8.38	0.3536
21	1	2022	3.61	7.89	2.794	0.4401
22	1	2022	-0.88	6.7	0.254	0.836
23	1	2022	-3.72	11.31	0.0	1.6023
24	1	2022	-2.33	15.59	0.0	1.7004
25	1	2022	6.63	12.78	2.032	0.4511
26	1	2022	5.71	17.43	0.254	2.7677
27	1	2022	2.93	15.39	0.0	2.8163
28	1	2022	3.1	11.93	0.0	2.3548
29	1	2022	-2.09	7.55	0.0	3.8268
30	1	2022	-5.32	16.17	0.0	3.744
31	1	2022	1.88	20.08	0.0	2.2737
1	2	2022	0.91	19.59	0.0	2.5628
2	2	2022	9.8	23.76	0.0	3.724
3	2	2022	15.0	23.93	0.0	3.7454
4	2	2022	6.6	20.09	32.51	0.1293
5	2	2022	1.78	10.81	0.508	2.9948
6	2	2022	1.78	11.22	0.0	1.5511
7	2	2022	5.34	10.81	3.302	1.0496
8	2	2022	0.96	12.54	0.0	1.3617
9	2	2022	-1.76	16.82	0.254	2.0975
10	2	2022	0.18	19.64	0.0	2.2358
11	2	2022	1.23	20.25	0.0	1.8754
12	2	2022	6.67	19.16	0.0	1.4091
13	2	2022	3.24	14.68	0.0	3.5572
14	2	2022	-2.6	15.59	0.0	3.0286
15	2	2022	-0.91	19.4	0.0	2.7581
16	2	2022	8.23	24.58	0.0	3.4945
17	2	2022	14.39	26.04	0.0	3.5198
18	2	2022	9.69	21.78	6.35	2.9421
19	2	2022	2.22	16.85	0.0	4.6598
20	2	2022	-0.3	21.42	0.0	3.2371
21	2	2022	7.07	20.49	0.0	1.4476
22	2	2022	10.82	28.1	0.0	3.7964
23	2	2022	12.52	27.82	0.254	3.0472
24	2	2022	12.01	27.35	0.0	3.0044
25	2	2022	12.79	26.94	0.0	2.7588
26	2	2022	10.48	25.41	0.0	4.089
27	2	2022	8.54	26.9	1.778	4.0494
28	2	2022	7.86	15.0	0.508	0.8375
1	3	2022	4.09	21.87	0.254	3.0373
2	3	2022	2.25	25.65	0.0	3.0229
3	3	2022	3.78	27.04	0.0	3.8092
4	3	2022	4.22	29.18	0.0	4.09
5	3	2022	9.56	27.76	0.0	4.1407
6	3	2022	11.9	28.4	0.0	4.0548
7	3	2022	13.95	28.57	1.27	3.6282
8	3	2022	16.9	28.54	0.508	3.5688
9	3	2022	13.71	22.31	5.08	0.8108
10	3	2022	13.61	21.83	1.27	1.8111
11	3	2022	16.73	21.45	5.334	0.8816
12	3	2022	1.5	20.44	5.08	6.0341
13	3	2022	-2.84	14.88	0.0	3.9326
14	3	2022	-0.13	21.62	0.0	3.3448
15	3	2022	12.21	20.46	5.842	1.7004
16	3	2022	12.07	23.36	0.508	2.9063
17	3	2022	8.54	25.0	0.254	3.496
18	3	2022	11.02	22.47	37.08	1.7996
19	3	2022	13.61	20.97	12.95	1.8509
20	3	2022	8.16	22.54	0.0	5.8452
21	3	2022	4.5	24.83	0.0	4.7766
22	3	2022	11.94	26.02	0.0	4.8978
23	3	2022	18.5	24.45	7.366	2.8701
24	3	2022	10.54	19.55	0.0	2.8954
25	3	2022	7.38	21.28	0.0	5.1447
26	3	2022	6.74	22.37	0.0	6.872
27	3	2022	5.11	24.85	0.0	5.9928
28	3	2022	6.91	27.28	0.0	5.0929
29	3	2022	10.61	27.68	0.0	4.0311
30	3	2022	13.84	28.71	0.0	6.5806
31	3	2022	16.6	25.78	33.78	5.2023
1	4	2022	10.58	24.28	0.0	5.3105
2	4	2022	8.47	19.27	0.0	1.83
3	4	2022	7.48	25.06	0.0	5.1026
4	4	2022	7.38	27.52	0.0	4.9309
5	4	2022	12.48	26.49	38.86	2.6063
6	4	2022	16.7	27.65	14.22	3.0577
7	4	2022	14.56	23.63	0.508	6.5029
8	4	2022	9.08	20.33	0.0	8.0072
9	4	2022	6.03	16.89	0.0	6.4439
10	4	2022	4.05	24.48	0.0	4.9862
11	4	2022	7.11	26.36	0.0	5.1181
12	4	2022	13.03	28.5	0.0	5.7224
13	4	2022	15.82	27.04	0.0	4.5294
14	4	2022	15.95	25.26	0.0	3.4518
15	4	2022	11.29	28.84	0.0	6.8666
16	4	2022	17.24	27.76	0.0	4.0065
17	4	2022	16.26	27.76	7.366	3.396
18	4	2022	14.63	25.33	18.03	4.6998
19	4	2022	8.95	20.6	0.0	6.4591
20	4	2022	6.7	25.44	0.0	5.5331
21	4	2022	14.18	26.6	0.0	5.4701
22	4	2022	12.69	27.99	0.0	5.8135
23	4	2022	13.06	28.37	0.0	5.7849
24	4	2022	14.56	28.95	0.0	5.1554
25	4	2022	16.77	30.58	0.0	5.8342
26	4	2022	18.47	29.8	0.0	6.1252
27	4	2022	13.47	27.96	0.0	7.2678
28	4	2022	12.55	28.33	0.0	6.6793
29	4	2022	13.88	28.61	0.0	5.4771
30	4	2022	17.76	30.51	0.0	6.2174
1	5	2022	17.38	29.18	2.54	4.3118
2	5	2022	17.35	31.56	0.254	5.9841
3	5	2022	19.29	32.28	0.0	6.7513
4	5	2022	19.83	31.84	0.0	5.9727
5	5	2022	18.95	33.06	0.0	6.8564
6	5	2022	20.75	27.48	13.46	3.8743
7	5	2022	17.76	27.52	0.0	7.7466
8	5	2022	13.13	28.1	0.0	6.5721
9	5	2022	14.8	24.97	0.0	6.6806
10	5	2022	11.33	28.2	0.0	7.1543
11	5	2022	12.41	29.05	0.0	7.499
12	5	2022	13.54	29.49	0.0	7.4019
13	5	2022	17.99	27.55	0.0	4.5659
14	5	2022	15.75	30.31	0.0	5.7206
15	5	2022	17.52	32.59	0.0	5.7803
16	5	2022	17.48	31.97	0.0	6.0468
17	5	2022	18.03	33.13	0.0	7.3998
18	5	2022	16.16	33.88	0.0	6.7701
19	5	2022	22.76	33.71	0.0	8.2416
20	5	2022	20.07	33.37	0.0	6.8302
21	5	2022	22.42	30.82	0.0	4.8616
22	5	2022	18.67	31.19	0.0	4.6871
23	5	2022	20.24	30.41	6.35	3.7099
24	5	2022	19.12	32.48	17.78	3.5566
25	5	2022	19.86	29.63	0.254	3.5384
26	5	2022	20.37	25.27	11.94	1.8006
27	5	2022	19.76	29.76	7.874	6.7592
28	5	2022	17.79	29.8	0.0	6.0586
29	5	2022	17.35	32.96	0.0	6.077
30	5	2022	18.84	33.91	0.0	6.5861
31	5	2022	19.18	33.27	0.0	6.8552
1	6	2022	18.98	33.88	0.0	6.4752
2	6	2022	19.9	34.9	0.508	6.3129
3	6	2022	20.41	34.7	26.16	6.43
4	6	2022	19.83	31.43	2.794	6.1795
5	6	2022	20.27	30.65	0.0	4.7232
6	6	2022	20.34	32.89	6.096	5.6489
7	6	2022	19.9	32.48	0.254	5.6215
8	6	2022	21.05	32.07	0.0	5.2137
9	6	2022	22.65	31.9	0.0	5.3347
10	6	2022	20.65	32.31	0.254	5.9178
11	6	2022	21.53	32.69	0.0	5.6957
12	6	2022	21.56	33.88	0.0	6.2379
13	6	2022	23.95	36.65	0.0	6.391
14	6	2022	22.86	35.83	31.75	6.0164
15	6	2022	22.38	36.07	0.254	6.3939
16	6	2022	24.05	36.38	0.0	7.1516
17	6	2022	23.13	35.97	0.0	6.4474
18	6	2022	24.63	35.62	0.0	8.6263
19	6	2022	21.29	34.29	0.0	8.9389
20	6	2022	21.94	34.47	0.0	7.7958
21	6	2022	20.24	36.75	0.0	7.1494
22	6	2022	22.24	38.36	0.0	8.1908
23	6	2022	21.84	38.73	0.0	8.9522
24	6	2022	22.79	37.0	0.0	6.0548
25	6	2022	22.18	32.55	0.0	4.1336
26	6	2022	21.16	34.3	0.0	7.5283
27	6	2022	20.34	35.69	0.0	7.2232
28	6	2022	21.09	37.3	0.0	7.252
29	6	2022	22.18	34.05	13.21	5.1317
30	6	2022	21.77	33.07	0.0	5.8894
1	7	2022	22.21	32.96	0.0	5.3329
2	7	2022	22.35	32.96	14.48	5.3181
3	7	2022	22.35	32.93	26.42	5.8269
4	7	2022	22.62	33.92	0.0	5.8219
5	7	2022	23.57	35.15	1.778	7.126
6	7	2022	24.12	34.71	0.254	7.0158
7	7	2022	24.63	35.73	0.0	6.5196
8	7	2022	23.5	35.18	1.27	6.5686
9	7	2022	23.44	34.29	11.94	4.8835
10	7	2022	24.05	32.15	0.0	4.7489
11	7	2022	21.53	30.51	57.15	2.3821
12	7	2022	22.07	31.19	16.0	3.4847
13	7	2022	23.44	30.27	3.556	4.4486
14	7	2022	22.42	30.34	6.096	3.2155
15	7	2022	22.14	31.23	0.508	3.9444
16	7	2022	20.65	33.13	22.1	4.9843
17	7	2022	20.54	32.73	0.254	5.5084
18	7	2022	22.18	32.11	0.0	4.5656
19	7	2022	22.96	32.04	0.254	4.5609
20	7	2022	22.99	32.93	27.43	4.2742
21	7	2022	22.45	32.62	6.858	3.8888
22	7	2022	23.47	31.12	0.254	4.7707
23	7	2022	21.46	34.91	0.0	6.1259
24	7	2022	21.67	34.26	0.254	6.4482
25	7	2022	22.21	34.3	0.254	6.3749
26	7	2022	21.26	34.81	0.0	6.1838
27	7	2022	21.9	34.47	0.0	6.2548
28	7	2022	22.11	34.03	0.0	4.9288
29	7	2022	23.03	31.97	2.54	4.5809
30	7	2022	22.35	34.2	0.0	6.1012
31	7	2022	21.36	35.46	0.0	6.3967
1	8	2022	21.5	34.95	0.0	6.5477
2	8	2022	21.6	34.02	0.0	5.8801
3	8	2022	22.14	32.93	0.0	5.4919
4	8	2022	21.63	35.66	0.0	5.7774
5	8	2022	21.73	35.94	0.0	6.0703
6	8	2022	22.69	33.37	1.778	4.3891
7	8	2022	21.09	33.1	0.508	3.8225
8	8	2022	21.63	34.64	10.16	5.4325
9	8	2022	20.44	34.41	44.7	5.5608
10	8	2022	20.75	32.04	4.826	4.0492
11	8	2022	21.43	30.65	0.254	4.3278
12	8	2022	21.97	30.85	0.0	4.7063
13	8	2022	22.14	30.75	0.762	4.3437
14	8	2022	20.27	32.73	0.0	5.7555
15	8	2022	19.52	33.1	0.0	5.4889
16	8	2022	23.4	34.16	0.762	5.7237
17	8	2022	21.33	32.8	0.0	4.9046
18	8	2022	21.05	27.28	39.62	2.2236
19	8	2022	21.46	32.86	0.254	4.8961
20	8	2022	22.28	34.23	0.0	5.1601
21	8	2022	22.31	32.96	2.286	4.1852
22	8	2022	22.42	31.02	0.254	4.3021
23	8	2022	22.62	29.76	0.0	3.1393
24	8	2022	23.37	31.5	0.0	3.4201
25	8	2022	22.93	29.18	1.27	2.8181
26	8	2022	22.65	32.73	20.57	4.3186
27	8	2022	22.14	31.26	4.064	3.1482
28	8	2022	21.33	30.99	0.254	4.0304
29	8	2022	21.77	32.87	0.0	4.1354
30	8	2022	22.11	34.21	0.0	4.837
31	8	2022	22.72	33.58	3.048	5.3068
1	9	2022	21.9	32.97	10.92	4.4945
2	9	2022	21.02	32.39	9.65	4.3562
3	9	2022	21.26	31.84	1.016	3.8503
4	9	2022	22.14	31.7	17.02	3.9724
5	9	2022	22.65	31.74	0.508	3.5832
6	9	2022	21.94	32.89	0.0	4.5216
7	9	2022	21.77	31.84	0.0	3.4248
8	9	2022	21.5	30.61	6.858	3.3967
9	9	2022	20.85	27.38	9.14	2.5749
10	9	2022	22.07	26.12	2.286	1.5273
11	9	2022	20.71	29.05	1.524	2.2876
12	9	2022	21.09	31.29	5.08	3.8816
13	9	2022	16.19	29.25	0.508	4.768
14	9	2022	14.66	30.31	0.0	5.1668
15	9	2022	15.92	29.7	0.0	4.9914
16	9	2022	16.19	30.82	0.0	4.8119
17	9	2022	19.76	30.92	0.0	5.0275
18	9	2022	17.42	30.72	0.0	5.0243
19	9	2022	18.95	31.6	0.0	5.5766
20	9	2022	17.79	32.84	0.0	4.8321
21	9	2022	18.71	33.62	0.0	4.5574
22	9	2022	17.35	35.4	0.0	4.9713
23	9	2022	17.62	29.32	0.0	6.0123
24	9	2022	13.88	30.04	0.0	4.437
25	9	2022	14.52	32.8	0.0	3.9678
26	9	2022	17.01	33.1	0.0	4.6509
27	9	2022	12.65	27.07	0.0	5.0542
28	9	2022	13.81	25.61	0.0	9.6564
29	9	2022	14.56	22.89	0.0	8.135
30	9	2022	13.61	25.17	0.0	4.9302
1	10	2022	10.1	29.32	0.0	5.7481
2	10	2022	11.67	28.5	0.0	5.5563
3	10	2022	11.97	25.37	0.0	4.8415
4	10	2022	9.25	26.63	0.0	4.0996
5	10	2022	8.67	28.5	0.0	4.0869
6	10	2022	8.0	30.07	0.0	4.178
7	10	2022	7.96	31.23	0.0	3.8454
8	10	2022	11.87	29.9	0.0	5.6787
9	10	2022	7.69	28.57	0.0	5.481
10	10	2022	7.42	27.93	0.0	4.0082
11	10	2022	12.93	30.31	0.0	3.9427
12	10	2022	19.15	28.27	56.39	2.5963
13	10	2022	15.88	28.5	9.65	3.4562
14	10	2022	11.5	27.24	0.0	3.8899
15	10	2022	9.39	29.93	0.0	3.0116
16	10	2022	10.75	30.55	0.0	2.942
17	10	2022	16.7	27.24	1.778	2.5754
18	10	2022	6.88	18.33	0.0	5.4482
19	10	2022	1.95	17.93	0.0	4.0475
20	10	2022	0.25	19.52	0.0	2.657
21	10	2022	2.25	22.01	0.0	2.7009
22	10	2022	3.82	24.93	0.0	3.4847
23	10	2022	4.77	25.95	0.0	3.0382
24	10	2022	9.22	28.74	0.0	2.9428
25	10	2022	10.75	28.71	0.0	3.5509
26	10	2022	13.13	25.17	0.254	4.0905
27	10	2022	6.84	25.65	0.0	3.1875
28	10	2022	13.98	25.68	0.0	3.5235
29	10	2022	14.73	19.29	0.0	1.4976
30	10	2022	16.67	25.51	0.0	2.1805
31	10	2022	16.02	26.05	0.0	2.1321
1	11	2022	9.49	26.12	0.0	2.946
2	11	2022	11.43	29.15	0.0	2.5555
3	11	2022	12.79	27.45	0.0	3.6737
4	11	2022	10.85	27.35	0.0	2.9726
5	11	2022	13.78	29.59	0.0	2.5192
6	11	2022	19.8	29.42	0.0	2.4123
7	11	2022	19.25	29.93	0.0	3.6708
8	11	2022	15.75	29.29	0.0	4.9739
9	11	2022	11.63	21.02	0.0	6.1327
10	11	2022	16.6	20.17	30.99	3.0554
11	11	2022	18.23	22.21	6.604	1.2246
12	11	2022	14.08	25.71	0.0	2.762
13	11	2022	4.53	14.66	0.0	3.2432
14	11	2022	1.71	17.76	0.0	2.7158
15	11	2022	12.04	24.8	0.762	2.4312
16	11	2022	7.59	15.14	0.0	2.4708
17	11	2022	4.84	11.6	0.0	2.5497
18	11	2022	-2.87	14.15	0.0	2.2427
19	11	2022	0.15	14.59	0.0	1.3216
20	11	2022	1.37	9.39	1.778	1.357
21	11	2022	-0.23	18.64	0.0	2.6654
22	11	2022	8.98	21.19	0.0	2.9255
23	11	2022	11.97	22.35	0.0	2.6143
24	11	2022	12.11	24.25	0.0	2.4296
25	11	2022	14.15	17.62	1.778	0.5743
26	11	2022	14.56	19.56	0.0	0.6362
27	11	2022	11.09	22.31	2.794	2.62
28	11	2022	8.71	23.74	0.0	2.6085
29	11	2022	6.67	24.52	0.254	1.5527
30	11	2022	10.48	21.46	22.86	1.1757
1	12	2022	2.63	16.53	0.0	2.8997
2	12	2022	4.77	22.31	0.0	2.1776
3	12	2022	8.67	25.65	0.0	1.8224
4	12	2022	14.56	24.56	0.762	1.5838
5	12	2022	12.89	23.47	0.0	1.1697
6	12	2022	16.97	26.56	0.0	2.0394
7	12	2022	14.69	26.77	0.0	1.5921
8	12	2022	12.38	26.73	0.0	1.954
9	12	2022	11.05	25.61	0.254	1.6962
10	12	2022	12.93	17.72	0.0	0.7235
11	12	2022	14.01	20.17	0.0	1.1281
12	12	2022	14.59	17.48	0.0	1.0618
13	12	2022	13.03	18.67	0.0	2.2037
14	12	2022	12.07	20.71	0.0	1.5419
15	12	2022	8.78	21.22	24.64	2.5883
16	12	2022	2.32	16.12	0.0	1.8842
17	12	2022	1.74	17.51	0.0	2.0013
18	12	2022	0.01	13.67	0.0	2.4263
19	12	2022	-3.11	15.64	1.27	1.8485
20	12	2022	6.57	10.2	20.83	0.6718
21	12	2022	5.85	9.29	0.0	0.6053
22	12	2022	7.04	10.71	1.778	0.4665
23	12	2022	-5.25	12.93	0.0	3.7364
24	12	2022	-9.03	-0.16	0.0	2.0093
25	12	2022	-7.7	5.68	0.0	1.6213
26	12	2022	-7.43	10.24	0.0	1.1259
27	12	2022	-3.93	13.32	0.0	1.4295
28	12	2022	-3.83	18.46	0.0	1.6393
29	12	2022	5.71	23.13	0.0	1.8884
30	12	2022	5.89	23.12	0.0	1.5536
31	12	2022	14.29	22.21	4.572	1.2122
